update,environment_steps,batch_training_episodes,cumulative_training_episodes,training_return,training_episode_length,beta,barrier_active
1,3408,8,8,-425.25,426.0,546.4135158976487,True
2,6730,8,16,-414.625,415.25,546.4135158976487,True
3,10266,8,24,-441.5,442.0,546.4135158976487,True
4,13265,8,32,-373.875,374.875,546.4135158976487,True
5,16601,8,40,-416.25,417.0,546.4135158976487,True
6,19843,8,48,-404.5,405.25,546.4135158976487,True
7,22791,8,56,-367.625,368.5,546.4135158976487,True
8,26037,8,64,-405.0,405.75,546.4135158976487,True
9,29249,8,72,-400.75,401.5,546.4135158976487,True
10,31957,8,80,-337.625,338.5,546.4135158976487,True
11,34986,8,88,-377.75,378.625,546.4135158976487,True
12,37499,8,96,-313.125,314.125,546.4135158976487,True
13,40067,8,104,-320.0,321.0,546.4135158976487,True
14,42647,8,112,-321.5,322.5,546.4135158976487,True
15,45018,8,120,-295.375,296.375,546.4135158976487,True
16,47646,8,128,-327.5,328.5,546.4135158976487,True
17,49882,8,136,-278.5,279.5,546.4135158976487,True
18,52238,8,144,-293.5,294.5,546.4135158976487,True
19,54901,8,152,-331.875,332.875,546.4135158976487,True
20,57116,8,160,-275.875,276.875,546.4135158976487,True
21,59543,8,168,-302.375,303.375,546.4135158976487,True
22,62045,8,176,-311.875,312.75,546.4135158976487,True
23,63917,8,184,-233.0,234.0,546.4135158976487,True
24,66142,8,192,-277.125,278.125,546.4135158976487,True
25,68226,8,200,-259.5,260.5,546.4135158976487,True
26,70211,8,208,-247.125,248.125,546.4135158976487,True
27,72232,8,216,-251.625,252.625,546.4135158976487,True
28,74359,8,224,-265.0,265.875,546.4135158976487,True
29,76330,8,232,-245.375,246.375,546.4135158976487,True
30,78360,8,240,-252.75,253.75,546.4135158976487,True
31,80745,8,248,-297.125,298.125,546.4135158976487,True
32,83177,8,256,-303.0,304.0,546.4135158976487,True
33,85445,8,264,-282.5,283.5,546.4135158976487,True
34,87769,8,272,-289.5,290.5,546.4135158976487,True
35,90430,8,280,-331.625,332.625,546.4135158976487,True
36,92743,8,288,-288.125,289.125,546.4135158976487,True
37,94978,8,296,-278.375,279.375,546.4135158976487,True
38,97138,8,304,-269.0,270.0,546.4135158976487,True
39,99302,8,312,-269.5,270.5,546.4135158976487,True
40,101586,8,320,-284.5,285.5,546.4135158976487,True
41,103729,8,328,-266.875,267.875,546.4135158976487,True
42,105818,8,336,-260.125,261.125,546.4135158976487,True
43,108206,8,344,-297.625,298.5,546.4135158976487,True
44,110009,8,352,-224.375,225.375,546.4135158976487,True
45,112432,8,360,-301.875,302.875,546.4135158976487,True
46,114567,8,368,-265.875,266.875,546.4135158976487,True
47,116713,8,376,-267.25,268.25,546.4135158976487,True
48,119289,8,384,-321.0,322.0,546.4135158976487,True
49,121165,8,392,-233.5,234.5,546.4135158976487,True
50,123360,8,400,-273.375,274.375,546.4135158976487,True
51,125632,8,408,-283.0,284.0,546.4135158976487,True
52,127892,8,416,-281.5,282.5,546.4135158976487,True
53,130327,8,424,-303.375,304.375,546.4135158976487,True
54,132113,8,432,-222.25,223.25,546.4135158976487,True
55,134095,8,440,-246.75,247.75,546.4135158976487,True
56,136113,8,448,-251.25,252.25,546.4135158976487,True
57,138628,8,456,-313.375,314.375,546.4135158976487,True
58,140646,8,464,-251.25,252.25,546.4135158976487,True
59,142788,8,472,-266.75,267.75,546.4135158976487,True
60,144729,8,480,-241.625,242.625,546.4135158976487,True
61,146793,8,488,-257.0,258.0,546.4135158976487,True
62,148928,8,496,-266.0,266.875,546.4135158976487,True
63,150667,8,504,-216.375,217.375,546.4135158976487,True
64,152753,8,512,-259.75,260.75,546.4135158976487,True
65,154855,8,520,-261.75,262.75,546.4135158976487,True
66,156819,8,528,-244.5,245.5,546.4135158976487,True
67,158848,8,536,-252.625,253.625,546.4135158976487,True
68,160808,8,544,-244.0,245.0,546.4135158976487,True
69,163022,8,552,-275.75,276.75,546.4135158976487,True
70,165083,8,560,-256.625,257.625,546.4135158976487,True
71,167170,8,568,-259.875,260.875,546.4135158976487,True
72,169289,8,576,-263.875,264.875,546.4135158976487,True
73,171324,8,584,-253.375,254.375,546.4135158976487,True
74,173391,8,592,-257.375,258.375,546.4135158976487,True
75,175500,8,600,-262.625,263.625,546.4135158976487,True
76,177535,8,608,-253.375,254.375,546.4135158976487,True
77,179490,8,616,-243.375,244.375,546.4135158976487,True
78,181389,8,624,-236.375,237.375,546.4135158976487,True
79,183299,8,632,-237.75,238.75,546.4135158976487,True
80,184989,8,640,-210.25,211.25,546.4135158976487,True
81,187204,8,648,-275.875,276.875,546.4135158976487,True
82,189182,8,656,-246.25,247.25,546.4135158976487,True
83,191399,8,664,-276.125,277.125,546.4135158976487,True
84,193220,8,672,-226.625,227.625,546.4135158976487,True
85,195372,8,680,-268.125,269.0,546.4135158976487,True
86,197229,8,688,-231.125,232.125,546.4135158976487,True
87,199082,8,696,-230.625,231.625,546.4135158976487,True
88,200865,8,704,-221.875,222.875,546.4135158976487,True
89,203436,8,712,-320.625,321.375,546.4135158976487,True
90,205310,8,720,-233.25,234.25,546.4135158976487,True
91,207108,8,728,-223.75,224.75,546.4135158976487,True
92,209051,8,736,-241.875,242.875,546.4135158976487,True
93,211230,8,744,-271.375,272.375,546.4135158976487,True
94,213618,8,752,-297.5,298.5,546.4135158976487,True
95,215881,8,760,-281.875,282.875,546.4135158976487,True
96,218243,8,768,-294.25,295.25,546.4135158976487,True
97,220332,8,776,-260.125,261.125,546.4135158976487,True
98,222478,8,784,-267.25,268.25,546.4135158976487,True
99,225013,8,792,-315.875,316.875,546.4135158976487,True
100,227403,8,800,-297.75,298.75,546.4135158976487,True
101,229537,8,808,-265.75,266.75,546.4135158976487,True
102,231892,8,816,-293.375,294.375,546.4135158976487,True
103,234193,8,824,-286.625,287.625,546.4135158976487,True
104,236545,8,832,-293.0,294.0,546.4135158976487,True
105,238731,8,840,-272.25,273.25,546.4135158976487,True
106,241091,8,848,-294.0,295.0,546.4135158976487,True
107,243443,8,856,-293.0,294.0,546.4135158976487,True
108,245773,8,864,-290.25,291.25,546.4135158976487,True
109,247959,8,872,-272.25,273.25,546.4135158976487,True
110,250467,8,880,-312.5,313.5,546.4135158976487,True
111,252604,8,888,-266.125,267.125,546.4135158976487,True
112,254613,8,896,-250.125,251.125,546.4135158976487,True
113,257058,8,904,-304.75,305.625,546.4135158976487,True
114,259074,8,912,-251.0,252.0,546.4135158976487,True
115,261121,8,920,-254.875,255.875,546.4135158976487,True
116,263198,8,928,-258.625,259.625,546.4135158976487,True
117,265190,8,936,-248.0,249.0,546.4135158976487,True
118,267348,8,944,-268.75,269.75,546.4135158976487,True
119,269115,8,952,-219.875,220.875,546.4135158976487,True
120,271112,8,960,-248.625,249.625,546.4135158976487,True
121,273147,8,968,-253.375,254.375,546.4135158976487,True
122,275012,8,976,-232.125,233.125,546.4135158976487,True
123,277267,8,984,-280.875,281.875,546.4135158976487,True
124,279177,8,992,-237.75,238.75,546.4135158976487,True
125,281284,8,1000,-262.375,263.375,546.4135158976487,True
126,283014,8,1008,-215.25,216.25,546.4135158976487,True
127,284725,8,1016,-212.875,213.875,546.4135158976487,True
128,287063,8,1024,-291.375,292.25,546.4135158976487,True
129,288662,8,1032,-198.875,199.875,546.4135158976487,True
130,290644,8,1040,-246.75,247.75,546.4135158976487,True
131,292457,8,1048,-225.625,226.625,546.4135158976487,True
132,294207,8,1056,-217.75,218.75,546.4135158976487,True
133,295970,8,1064,-219.375,220.375,546.4135158976487,True
134,297580,8,1072,-200.25,201.25,546.4135158976487,True
135,299565,8,1080,-247.125,248.125,546.4135158976487,True
136,301528,8,1088,-244.375,245.375,546.4135158976487,True
137,303250,8,1096,-214.25,215.25,546.4135158976487,True
138,304988,8,1104,-216.25,217.25,546.4135158976487,True
139,306834,8,1112,-229.75,230.75,546.4135158976487,True
140,308908,8,1120,-258.25,259.25,546.4135158976487,True
141,310613,8,1128,-212.125,213.125,546.4135158976487,True
142,312169,8,1136,-193.5,194.5,546.4135158976487,True
143,314302,8,1144,-265.625,266.625,546.4135158976487,True
144,316110,8,1152,-225.0,226.0,546.4135158976487,True
145,318155,8,1160,-254.625,255.625,546.4135158976487,True
146,320087,8,1168,-240.5,241.5,546.4135158976487,True
147,321873,8,1176,-222.25,223.25,546.4135158976487,True
148,324039,8,1184,-269.75,270.75,546.4135158976487,True
149,326009,8,1192,-245.25,246.25,546.4135158976487,True
150,327804,8,1200,-223.375,224.375,546.4135158976487,True
151,329735,8,1208,-240.375,241.375,546.4135158976487,True
152,331423,8,1216,-210.0,211.0,546.4135158976487,True
153,333085,8,1224,-206.75,207.75,546.4135158976487,True
154,334892,8,1232,-224.875,225.875,546.4135158976487,True
155,336744,8,1240,-230.5,231.5,546.4135158976487,True
156,338482,8,1248,-216.25,217.25,546.4135158976487,True
157,340360,8,1256,-233.75,234.75,546.4135158976487,True
158,342226,8,1264,-232.25,233.25,546.4135158976487,True
159,344147,8,1272,-239.125,240.125,546.4135158976487,True
160,345675,8,1280,-190.0,191.0,546.4135158976487,True
161,347598,8,1288,-239.375,240.375,546.4135158976487,True
162,349517,8,1296,-238.875,239.875,546.4135158976487,True
163,351393,8,1304,-233.5,234.5,546.4135158976487,True
164,353287,8,1312,-235.75,236.75,546.4135158976487,True
165,354974,8,1320,-209.875,210.875,546.4135158976487,True
166,357020,8,1328,-254.75,255.75,546.4135158976487,True
167,359086,8,1336,-257.25,258.25,546.4135158976487,True
168,361196,8,1344,-262.75,263.75,546.4135158976487,True
169,362983,8,1352,-222.375,223.375,546.4135158976487,True
170,364782,8,1360,-223.875,224.875,546.4135158976487,True
171,366992,8,1368,-275.25,276.25,546.4135158976487,True
172,368968,8,1376,-246.0,247.0,546.4135158976487,True
173,371104,8,1384,-266.0,267.0,546.4135158976487,True
174,373339,8,1392,-278.375,279.375,546.4135158976487,True
175,375672,8,1400,-290.625,291.625,546.4135158976487,True
176,377545,8,1408,-233.125,234.125,546.4135158976487,True
177,379611,8,1416,-257.25,258.25,546.4135158976487,True
178,381578,8,1424,-244.875,245.875,546.4135158976487,True
179,383855,8,1432,-283.625,284.625,546.4135158976487,True
180,385713,8,1440,-231.25,232.25,546.4135158976487,True
181,387760,8,1448,-254.875,255.875,546.4135158976487,True
182,389724,8,1456,-244.5,245.5,546.4135158976487,True
183,391662,8,1464,-241.25,242.25,546.4135158976487,True
184,393960,8,1472,-286.25,287.25,546.4135158976487,True
185,395968,8,1480,-250.0,251.0,546.4135158976487,True
186,398054,8,1488,-259.75,260.75,546.4135158976487,True
187,400059,8,1496,-249.625,250.625,546.4135158976487,True
188,401914,8,1504,-230.875,231.875,546.4135158976487,True
189,403726,8,1512,-225.5,226.5,546.4135158976487,True
190,405666,8,1520,-241.5,242.5,546.4135158976487,True
191,407458,8,1528,-223.0,224.0,546.4135158976487,True
192,409161,8,1536,-211.875,212.875,546.4135158976487,True
193,411212,8,1544,-255.375,256.375,546.4135158976487,True
194,413075,8,1552,-231.875,232.875,546.4135158976487,True
195,415089,8,1560,-250.75,251.75,546.4135158976487,True
196,416844,8,1568,-218.375,219.375,546.4135158976487,True
197,418815,8,1576,-245.375,246.375,546.4135158976487,True
198,420782,8,1584,-244.875,245.875,546.4135158976487,True
199,422723,8,1592,-241.625,242.625,546.4135158976487,True
200,424685,8,1600,-244.25,245.25,546.4135158976487,True
201,426404,8,1608,-213.875,214.875,546.4135158976487,True
202,428155,8,1616,-217.875,218.875,546.4135158976487,True
203,429991,8,1624,-228.5,229.5,546.4135158976487,True
204,431923,8,1632,-240.5,241.5,546.4135158976487,True
205,433817,8,1640,-235.75,236.75,546.4135158976487,True
206,435667,8,1648,-230.25,231.25,546.4135158976487,True
207,437744,8,1656,-258.625,259.625,546.4135158976487,True
208,439531,8,1664,-222.375,223.375,546.4135158976487,True
209,441527,8,1672,-248.5,249.5,546.4135158976487,True
210,443705,8,1680,-271.25,272.25,546.4135158976487,True
211,445624,8,1688,-238.875,239.875,546.4135158976487,True
212,447441,8,1696,-226.125,227.125,546.4135158976487,True
213,449316,8,1704,-233.375,234.375,546.4135158976487,True
214,451282,8,1712,-244.75,245.75,546.4135158976487,True
215,453417,8,1720,-265.875,266.875,546.4135158976487,True
216,455291,8,1728,-233.25,234.25,546.4135158976487,True
217,456953,8,1736,-206.75,207.75,546.4135158976487,True
218,458667,8,1744,-213.25,214.25,546.4135158976487,True
219,460250,8,1752,-196.875,197.875,546.4135158976487,True
220,462116,8,1760,-232.25,233.25,546.4135158976487,True
221,464021,8,1768,-237.125,238.125,546.4135158976487,True
222,465627,8,1776,-199.75,200.75,546.4135158976487,True
223,467267,8,1784,-204.0,205.0,546.4135158976487,True
224,468909,8,1792,-204.25,205.25,546.4135158976487,True
225,470636,8,1800,-214.875,215.875,546.4135158976487,True
226,472389,8,1808,-218.125,219.125,546.4135158976487,True
227,473899,8,1816,-187.75,188.75,546.4135158976487,True
228,475437,8,1824,-191.25,192.25,546.4135158976487,True
229,476783,8,1832,-167.25,168.25,546.4135158976487,True
230,478448,8,1840,-207.125,208.125,546.4135158976487,True
231,480115,8,1848,-207.375,208.375,546.4135158976487,True
232,481649,8,1856,-190.75,191.75,546.4135158976487,True
233,483409,8,1864,-219.0,220.0,546.4135158976487,True
234,485117,8,1872,-212.5,213.5,546.4135158976487,True
235,486713,8,1880,-198.5,199.5,546.4135158976487,True
236,488150,8,1888,-178.625,179.625,546.4135158976487,True
237,489706,8,1896,-193.5,194.5,546.4135158976487,True
238,491246,8,1904,-191.5,192.5,546.4135158976487,True
239,493267,8,1912,-251.625,252.625,546.4135158976487,True
240,494943,8,1920,-208.5,209.5,546.4135158976487,True
241,497104,8,1928,-269.125,270.125,546.4135158976487,True
242,499125,8,1936,-251.625,252.625,546.4135158976487,True
243,501133,8,1944,-250.0,251.0,546.4135158976487,True
244,503270,8,1952,-266.125,267.125,546.4135158976487,True
245,505505,8,1960,-278.375,279.375,546.4135158976487,True
246,507229,8,1968,-214.5,215.5,546.4135158976487,True
247,509490,8,1976,-281.625,282.625,546.4135158976487,True
248,511589,8,1984,-261.375,262.375,546.4135158976487,True
249,513458,8,1992,-232.625,233.625,546.4135158976487,True
250,515248,8,2000,-222.75,223.75,546.4135158976487,True
251,517048,8,2008,-224.0,225.0,0.0,False
252,518979,8,2016,-240.375,241.375,0.0,False
253,520992,8,2024,-250.625,251.625,0.0,False
254,522877,8,2032,-234.625,235.625,0.0,False
255,524719,8,2040,-229.25,230.25,0.0,False
256,526702,8,2048,-246.875,247.875,0.0,False
257,528384,8,2056,-209.25,210.25,0.0,False
258,530257,8,2064,-233.25,234.125,0.0,False
259,532189,8,2072,-240.5,241.5,0.0,False
260,533950,8,2080,-219.125,220.125,0.0,False
261,535381,8,2088,-177.875,178.875,0.0,False
262,536965,8,2096,-197.0,198.0,0.0,False
263,538476,8,2104,-187.875,188.875,0.0,False
264,539983,8,2112,-187.375,188.375,0.0,False
265,541420,8,2120,-178.625,179.625,0.0,False
266,542830,8,2128,-175.25,176.25,0.0,False
267,544160,8,2136,-165.25,166.25,0.0,False
268,545649,8,2144,-185.125,186.125,0.0,False
269,547014,8,2152,-169.625,170.625,0.0,False
270,548302,8,2160,-160.0,161.0,0.0,False
271,549565,8,2168,-156.875,157.875,0.0,False
272,550976,8,2176,-175.375,176.375,0.0,False
273,552242,8,2184,-157.25,158.25,0.0,False
274,553613,8,2192,-170.375,171.375,0.0,False
275,554949,8,2200,-166.0,167.0,0.0,False
276,556118,8,2208,-145.125,146.125,0.0,False
277,557558,8,2216,-179.125,180.0,0.0,False
278,558789,8,2224,-152.875,153.875,0.0,False
279,560326,8,2232,-191.25,192.125,0.0,False
280,561817,8,2240,-185.375,186.375,0.0,False
281,562963,8,2248,-142.25,143.25,0.0,False
282,564063,8,2256,-136.5,137.5,0.0,False
283,565135,8,2264,-133.0,134.0,0.0,False
284,566336,8,2272,-149.125,150.125,0.0,False
285,567383,8,2280,-129.875,130.875,0.0,False
286,568452,8,2288,-132.625,133.625,0.0,False
287,569557,8,2296,-137.125,138.125,0.0,False
288,570729,8,2304,-145.5,146.5,0.0,False
289,571707,8,2312,-121.25,122.25,0.0,False
290,573002,8,2320,-160.875,161.875,0.0,False
291,574108,8,2328,-137.25,138.25,0.0,False
292,575136,8,2336,-127.5,128.5,0.0,False
293,576182,8,2344,-129.75,130.75,0.0,False
294,577269,8,2352,-134.875,135.875,0.0,False
295,578361,8,2360,-135.5,136.5,0.0,False
296,579420,8,2368,-131.375,132.375,0.0,False
297,580454,8,2376,-128.25,129.25,0.0,False
298,581635,8,2384,-146.625,147.625,0.0,False
299,582525,8,2392,-110.25,111.25,0.0,False
300,583610,8,2400,-134.625,135.625,0.0,False
301,584653,8,2408,-129.375,130.375,0.0,False
302,585614,8,2416,-119.125,120.125,0.0,False
303,586614,8,2424,-124.0,125.0,0.0,False
304,587537,8,2432,-114.375,115.375,0.0,False
305,588485,8,2440,-117.5,118.5,0.0,False
306,589479,8,2448,-123.25,124.25,0.0,False
307,590333,8,2456,-105.75,106.75,0.0,False
308,591303,8,2464,-120.25,121.25,0.0,False
309,592192,8,2472,-110.125,111.125,0.0,False
310,593127,8,2480,-115.875,116.875,0.0,False
311,594068,8,2488,-116.625,117.625,0.0,False
312,595028,8,2496,-119.0,120.0,0.0,False
313,595999,8,2504,-120.375,121.375,0.0,False
314,596848,8,2512,-105.125,106.125,0.0,False
315,597771,8,2520,-114.375,115.375,0.0,False
316,598616,8,2528,-104.625,105.625,0.0,False
317,599512,8,2536,-111.0,112.0,0.0,False
318,600433,8,2544,-114.125,115.125,0.0,False
319,601374,8,2552,-116.625,117.625,0.0,False
320,602286,8,2560,-113.0,114.0,0.0,False
321,603260,8,2568,-120.75,121.75,0.0,False
322,604236,8,2576,-121.0,122.0,0.0,False
323,605178,8,2584,-116.75,117.75,0.0,False
324,606487,8,2592,-162.625,163.625,0.0,False
325,607454,8,2600,-119.875,120.875,0.0,False
326,608349,8,2608,-110.875,111.875,0.0,False
327,609612,8,2616,-156.875,157.875,0.0,False
328,610501,8,2624,-110.125,111.125,0.0,False
329,611519,8,2632,-126.25,127.25,0.0,False
330,612395,8,2640,-108.5,109.5,0.0,False
331,613587,8,2648,-148.0,149.0,0.0,False
332,614463,8,2656,-108.5,109.5,0.0,False
333,615348,8,2664,-109.625,110.625,0.0,False
334,616271,8,2672,-114.375,115.375,0.0,False
335,617144,8,2680,-108.125,109.125,0.0,False
336,618006,8,2688,-106.75,107.75,0.0,False
337,619015,8,2696,-125.125,126.125,0.0,False
338,620036,8,2704,-126.625,127.625,0.0,False
339,620819,8,2712,-96.875,97.875,0.0,False
340,621750,8,2720,-115.375,116.375,0.0,False
341,622546,8,2728,-98.5,99.5,0.0,False
342,623439,8,2736,-110.625,111.625,0.0,False
343,624429,8,2744,-122.75,123.75,0.0,False
344,625299,8,2752,-107.75,108.75,0.0,False
345,626173,8,2760,-108.25,109.25,0.0,False
346,627054,8,2768,-109.125,110.125,0.0,False
347,627990,8,2776,-116.0,117.0,0.0,False
348,629098,8,2784,-137.5,138.5,0.0,False
349,630002,8,2792,-112.0,113.0,0.0,False
350,630914,8,2800,-113.0,114.0,0.0,False
351,632244,8,2808,-165.375,166.25,0.0,False
352,633106,8,2816,-106.75,107.75,0.0,False
353,633914,8,2824,-100.0,101.0,0.0,False
354,634727,8,2832,-100.625,101.625,0.0,False
355,635789,8,2840,-131.75,132.75,0.0,False
356,636687,8,2848,-111.25,112.25,0.0,False
357,637576,8,2856,-110.125,111.125,0.0,False
358,638471,8,2864,-110.875,111.875,0.0,False
359,639302,8,2872,-102.875,103.875,0.0,False
360,640311,8,2880,-125.125,126.125,0.0,False
361,641142,8,2888,-102.875,103.875,0.0,False
362,641956,8,2896,-100.75,101.75,0.0,False
363,642821,8,2904,-107.125,108.125,0.0,False
364,643689,8,2912,-107.5,108.5,0.0,False
365,644578,8,2920,-110.125,111.125,0.0,False
366,645559,8,2928,-121.625,122.625,0.0,False
367,646458,8,2936,-111.375,112.375,0.0,False
368,647301,8,2944,-104.375,105.375,0.0,False
369,648202,8,2952,-111.625,112.625,0.0,False
370,649053,8,2960,-105.375,106.375,0.0,False
371,649897,8,2968,-104.5,105.5,0.0,False
372,650752,8,2976,-105.875,106.875,0.0,False
373,651618,8,2984,-107.25,108.25,0.0,False
374,652439,8,2992,-101.625,102.625,0.0,False
375,653427,8,3000,-122.5,123.5,0.0,False
376,654252,8,3008,-102.125,103.125,0.0,False
377,655138,8,3016,-109.75,110.75,0.0,False
378,656381,8,3024,-154.5,155.375,0.0,False
379,657410,8,3032,-127.625,128.625,0.0,False
380,658276,8,3040,-107.25,108.25,0.0,False
381,659112,8,3048,-103.5,104.5,0.0,False
382,660014,8,3056,-111.75,112.75,0.0,False
383,660857,8,3064,-104.375,105.375,0.0,False
384,661713,8,3072,-106.0,107.0,0.0,False
385,662693,8,3080,-121.5,122.5,0.0,False
386,663657,8,3088,-119.5,120.5,0.0,False
387,664546,8,3096,-110.125,111.125,0.0,False
388,665422,8,3104,-108.5,109.5,0.0,False
389,666338,8,3112,-113.5,114.5,0.0,False
390,667144,8,3120,-99.75,100.75,0.0,False
391,667954,8,3128,-100.25,101.25,0.0,False
392,668761,8,3136,-99.875,100.875,0.0,False
393,669572,8,3144,-100.375,101.375,0.0,False
394,670359,8,3152,-97.375,98.375,0.0,False
395,671180,8,3160,-101.625,102.625,0.0,False
396,672021,8,3168,-104.125,105.125,0.0,False
397,672919,8,3176,-111.25,112.25,0.0,False
398,673690,8,3184,-95.375,96.375,0.0,False
399,674651,8,3192,-119.125,120.125,0.0,False
400,675579,8,3200,-115.0,116.0,0.0,False
401,676498,8,3208,-113.875,114.875,0.0,False
402,677429,8,3216,-115.375,116.375,0.0,False
403,678183,8,3224,-93.25,94.25,0.0,False
404,679028,8,3232,-104.625,105.625,0.0,False
405,679953,8,3240,-114.625,115.625,0.0,False
406,680700,8,3248,-92.375,93.375,0.0,False
407,681575,8,3256,-108.375,109.375,0.0,False
408,682485,8,3264,-112.75,113.75,0.0,False
409,683344,8,3272,-106.375,107.375,0.0,False
410,684222,8,3280,-108.75,109.75,0.0,False
411,685096,8,3288,-108.25,109.25,0.0,False
412,685932,8,3296,-103.5,104.5,0.0,False
413,686687,8,3304,-93.375,94.375,0.0,False
414,687823,8,3312,-141.0,142.0,0.0,False
415,688599,8,3320,-96.0,97.0,0.0,False
416,689487,8,3328,-110.0,111.0,0.0,False
417,690388,8,3336,-111.625,112.625,0.0,False
418,691312,8,3344,-114.5,115.5,0.0,False
419,692453,8,3352,-141.625,142.625,0.0,False
420,693341,8,3360,-110.0,111.0,0.0,False
421,694097,8,3368,-93.5,94.5,0.0,False
422,694976,8,3376,-108.875,109.875,0.0,False
423,695714,8,3384,-91.25,92.25,0.0,False
424,696527,8,3392,-100.625,101.625,0.0,False
425,697536,8,3400,-125.125,126.125,0.0,False
426,698256,8,3408,-89.0,90.0,0.0,False
427,698995,8,3416,-91.375,92.375,0.0,False
428,699761,8,3424,-94.75,95.75,0.0,False
429,700555,8,3432,-98.25,99.25,0.0,False
430,701346,8,3440,-97.875,98.875,0.0,False
431,702154,8,3448,-100.0,101.0,0.0,False
432,702943,8,3456,-97.625,98.625,0.0,False
433,703724,8,3464,-96.625,97.625,0.0,False
434,704639,8,3472,-113.375,114.375,0.0,False
435,705352,8,3480,-88.125,89.125,0.0,False
436,706312,8,3488,-119.0,120.0,0.0,False
437,707263,8,3496,-117.875,118.875,0.0,False
438,708087,8,3504,-102.0,103.0,0.0,False
439,709011,8,3512,-114.5,115.5,0.0,False
440,709813,8,3520,-99.25,100.25,0.0,False
441,711077,8,3528,-157.125,158.0,0.0,False
442,711865,8,3536,-97.5,98.5,0.0,False
443,712615,8,3544,-92.75,93.75,0.0,False
444,713485,8,3552,-107.75,108.75,0.0,False
445,714225,8,3560,-91.5,92.5,0.0,False
446,715070,8,3568,-104.625,105.625,0.0,False
447,715801,8,3576,-90.375,91.375,0.0,False
448,716574,8,3584,-95.625,96.625,0.0,False
449,717389,8,3592,-100.875,101.875,0.0,False
450,718226,8,3600,-103.625,104.625,0.0,False
451,719124,8,3608,-111.25,112.25,0.0,False
452,719884,8,3616,-94.0,95.0,0.0,False
453,720712,8,3624,-102.5,103.5,0.0,False
454,721700,8,3632,-122.5,123.5,0.0,False
455,722538,8,3640,-103.75,104.75,0.0,False
456,723227,8,3648,-85.125,86.125,0.0,False
457,723947,8,3656,-89.0,90.0,0.0,False
458,724752,8,3664,-99.625,100.625,0.0,False
459,725496,8,3672,-92.0,93.0,0.0,False
460,726300,8,3680,-99.5,100.5,0.0,False
461,727257,8,3688,-118.625,119.625,0.0,False
462,728059,8,3696,-99.25,100.25,0.0,False
463,728883,8,3704,-102.0,103.0,0.0,False
464,729645,8,3712,-94.25,95.25,0.0,False
465,730845,8,3720,-149.125,150.0,0.0,False
466,731587,8,3728,-91.75,92.75,0.0,False
467,732276,8,3736,-85.125,86.125,0.0,False
468,733248,8,3744,-120.5,121.5,0.0,False
469,734144,8,3752,-111.0,112.0,0.0,False
470,734920,8,3760,-96.0,97.0,0.0,False
471,735656,8,3768,-91.0,92.0,0.0,False
472,736529,8,3776,-108.125,109.125,0.0,False
473,737296,8,3784,-94.875,95.875,0.0,False
474,738066,8,3792,-95.25,96.25,0.0,False
475,738906,8,3800,-104.0,105.0,0.0,False
476,739648,8,3808,-91.75,92.75,0.0,False
477,740408,8,3816,-94.0,95.0,0.0,False
478,741183,8,3824,-95.875,96.875,0.0,False
479,741975,8,3832,-98.0,99.0,0.0,False
480,742850,8,3840,-108.375,109.375,0.0,False
481,743777,8,3848,-114.875,115.875,0.0,False
482,744564,8,3856,-97.375,98.375,0.0,False
483,745310,8,3864,-92.25,93.25,0.0,False
484,746069,8,3872,-93.875,94.875,0.0,False
485,746892,8,3880,-101.875,102.875,0.0,False
486,747632,8,3888,-91.5,92.5,0.0,False
487,748377,8,3896,-92.125,93.125,0.0,False
488,749193,8,3904,-101.0,102.0,0.0,False
489,750134,8,3912,-116.625,117.625,0.0,False
490,750924,8,3920,-97.75,98.75,0.0,False
491,751704,8,3928,-96.5,97.5,0.0,False
492,752457,8,3936,-93.125,94.125,0.0,False
493,753293,8,3944,-103.5,104.5,0.0,False
494,754055,8,3952,-94.25,95.25,0.0,False
495,754760,8,3960,-87.125,88.125,0.0,False
496,755616,8,3968,-106.0,107.0,0.0,False
497,756406,8,3976,-97.75,98.75,0.0,False
498,757267,8,3984,-106.625,107.625,0.0,False
499,758088,8,3992,-101.625,102.625,0.0,False
500,758910,8,4000,-101.75,102.75,0.0,False
501,759642,8,4008,-90.5,91.5,0.0,False
502,760466,8,4016,-102.0,103.0,0.0,False
503,761222,8,4024,-93.5,94.5,0.0,False
504,761919,8,4032,-86.125,87.125,0.0,False
505,762674,8,4040,-93.375,94.375,0.0,False
506,763415,8,4048,-91.625,92.625,0.0,False
507,764369,8,4056,-118.25,119.25,0.0,False
508,765106,8,4064,-91.125,92.125,0.0,False
509,765758,8,4072,-80.5,81.5,0.0,False
510,766572,8,4080,-100.75,101.75,0.0,False
511,767334,8,4088,-94.25,95.25,0.0,False
512,768047,8,4096,-88.125,89.125,0.0,False
513,768739,8,4104,-85.5,86.5,0.0,False
514,769446,8,4112,-87.375,88.375,0.0,False
515,770188,8,4120,-91.75,92.75,0.0,False
516,770999,8,4128,-100.375,101.375,0.0,False
517,771919,8,4136,-114.0,115.0,0.0,False
518,772598,8,4144,-83.875,84.875,0.0,False
519,773399,8,4152,-99.125,100.125,0.0,False
520,774242,8,4160,-104.375,105.375,0.0,False
521,775153,8,4168,-112.875,113.875,0.0,False
522,776019,8,4176,-107.25,108.25,0.0,False
523,776820,8,4184,-99.125,100.125,0.0,False
524,777677,8,4192,-106.125,107.125,0.0,False
525,778489,8,4200,-100.5,101.5,0.0,False
526,779238,8,4208,-92.625,93.625,0.0,False
527,780133,8,4216,-110.875,111.875,0.0,False
528,780888,8,4224,-93.375,94.375,0.0,False
529,781663,8,4232,-95.875,96.875,0.0,False
530,782508,8,4240,-104.625,105.625,0.0,False
531,783253,8,4248,-92.125,93.125,0.0,False
532,784095,8,4256,-104.25,105.25,0.0,False
533,784835,8,4264,-91.5,92.5,0.0,False
534,785783,8,4272,-117.5,118.5,0.0,False
535,786565,8,4280,-96.75,97.75,0.0,False
536,787290,8,4288,-89.625,90.625,0.0,False
537,788073,8,4296,-96.875,97.875,0.0,False
538,788902,8,4304,-102.625,103.625,0.0,False
539,789769,8,4312,-107.375,108.375,0.0,False
540,790566,8,4320,-98.625,99.625,0.0,False
541,791310,8,4328,-92.0,93.0,0.0,False
542,792080,8,4336,-95.25,96.25,0.0,False
543,792886,8,4344,-99.75,100.75,0.0,False
544,793635,8,4352,-92.625,93.625,0.0,False
545,794462,8,4360,-102.375,103.375,0.0,False
546,795216,8,4368,-93.25,94.25,0.0,False
547,795962,8,4376,-92.25,93.25,0.0,False
548,796712,8,4384,-92.75,93.75,0.0,False
549,797658,8,4392,-117.25,118.25,0.0,False
550,798435,8,4400,-96.125,97.125,0.0,False
551,799196,8,4408,-94.125,95.125,0.0,False
552,800039,8,4416,-104.375,105.375,0.0,False
553,800795,8,4424,-93.5,94.5,0.0,False
554,801540,8,4432,-92.125,93.125,0.0,False
555,802322,8,4440,-96.75,97.75,0.0,False
556,803089,8,4448,-94.875,95.875,0.0,False
557,803809,8,4456,-89.0,90.0,0.0,False
558,804525,8,4464,-88.5,89.5,0.0,False
559,805266,8,4472,-91.625,92.625,0.0,False
560,806261,8,4480,-123.375,124.375,0.0,False
561,807003,8,4488,-91.75,92.75,0.0,False
562,807934,8,4496,-115.375,116.375,0.0,False
563,808792,8,4504,-106.25,107.25,0.0,False
564,809606,8,4512,-100.75,101.75,0.0,False
565,810344,8,4520,-91.25,92.25,0.0,False
566,811095,8,4528,-92.875,93.875,0.0,False
567,811874,8,4536,-96.375,97.375,0.0,False
568,812616,8,4544,-91.75,92.75,0.0,False
569,813317,8,4552,-86.625,87.625,0.0,False
570,814054,8,4560,-91.125,92.125,0.0,False
571,814794,8,4568,-91.5,92.5,0.0,False
572,815490,8,4576,-86.0,87.0,0.0,False
573,816167,8,4584,-83.625,84.625,0.0,False
574,816882,8,4592,-88.375,89.375,0.0,False
575,817586,8,4600,-87.0,88.0,0.0,False
576,818335,8,4608,-92.625,93.625,0.0,False
577,819110,8,4616,-95.875,96.875,0.0,False
578,820030,8,4624,-114.0,115.0,0.0,False
579,820813,8,4632,-96.875,97.875,0.0,False
580,821553,8,4640,-91.5,92.5,0.0,False
581,822263,8,4648,-87.75,88.75,0.0,False
582,823000,8,4656,-91.125,92.125,0.0,False
583,823765,8,4664,-94.625,95.625,0.0,False
584,824592,8,4672,-102.375,103.375,0.0,False
585,825310,8,4680,-88.75,89.75,0.0,False
586,826059,8,4688,-92.625,93.625,0.0,False
587,826773,8,4696,-88.25,89.25,0.0,False
588,827511,8,4704,-91.25,92.25,0.0,False
589,828260,8,4712,-92.625,93.625,0.0,False
590,829015,8,4720,-93.375,94.375,0.0,False
591,829706,8,4728,-85.375,86.375,0.0,False
592,830677,8,4736,-120.375,121.375,0.0,False
593,831404,8,4744,-89.875,90.875,0.0,False
594,832466,8,4752,-131.875,132.75,0.0,False
595,833170,8,4760,-87.0,88.0,0.0,False
596,834025,8,4768,-105.875,106.875,0.0,False
597,834856,8,4776,-102.875,103.875,0.0,False
598,835545,8,4784,-85.125,86.125,0.0,False
599,836352,8,4792,-99.875,100.875,0.0,False
600,837041,8,4800,-85.125,86.125,0.0,False
601,837747,8,4808,-87.25,88.25,0.0,False
602,838572,8,4816,-102.125,103.125,0.0,False
603,839254,8,4824,-84.25,85.25,0.0,False
604,840038,8,4832,-97.0,98.0,0.0,False
605,840995,8,4840,-118.625,119.625,0.0,False
606,841676,8,4848,-84.125,85.125,0.0,False
607,842416,8,4856,-91.5,92.5,0.0,False
608,843236,8,4864,-101.5,102.5,0.0,False
609,843965,8,4872,-90.125,91.125,0.0,False
610,844966,8,4880,-124.125,125.125,0.0,False
611,845680,8,4888,-88.25,89.25,0.0,False
612,846355,8,4896,-83.375,84.375,0.0,False
613,847071,8,4904,-88.5,89.5,0.0,False
614,847737,8,4912,-82.25,83.25,0.0,False
615,848498,8,4920,-94.125,95.125,0.0,False
616,849326,8,4928,-102.5,103.5,0.0,False
617,850433,8,4936,-137.375,138.375,0.0,False
618,851156,8,4944,-89.375,90.375,0.0,False
619,851907,8,4952,-92.875,93.875,0.0,False
620,852593,8,4960,-84.75,85.75,0.0,False
621,853554,8,4968,-119.125,120.125,0.0,False
622,854217,8,4976,-81.875,82.875,0.0,False
623,855143,8,4984,-114.75,115.75,0.0,False
624,855815,8,4992,-83.0,84.0,0.0,False
625,856504,8,5000,-85.125,86.125,0.0,False
626,857206,8,5008,-86.75,87.75,0.0,False
627,857892,8,5016,-84.75,85.75,0.0,False
628,858585,8,5024,-85.625,86.625,0.0,False
629,859399,8,5032,-100.75,101.75,0.0,False
630,860110,8,5040,-87.875,88.875,0.0,False
631,860842,8,5048,-90.5,91.5,0.0,False
632,861550,8,5056,-87.5,88.5,0.0,False
633,862310,8,5064,-94.0,95.0,0.0,False
634,863044,8,5072,-90.75,91.75,0.0,False
635,863781,8,5080,-91.125,92.125,0.0,False
636,864533,8,5088,-93.0,94.0,0.0,False
637,865641,8,5096,-137.625,138.5,0.0,False
638,866409,8,5104,-95.0,96.0,0.0,False
639,867105,8,5112,-86.0,87.0,0.0,False
640,867763,8,5120,-81.25,82.25,0.0,False
641,868502,8,5128,-91.375,92.375,0.0,False
642,869236,8,5136,-90.75,91.75,0.0,False
643,869949,8,5144,-88.125,89.125,0.0,False
644,870693,8,5152,-92.0,93.0,0.0,False
645,871392,8,5160,-86.375,87.375,0.0,False
646,872157,8,5168,-94.625,95.625,0.0,False
647,872941,8,5176,-97.0,98.0,0.0,False
648,873689,8,5184,-92.5,93.5,0.0,False
649,874507,8,5192,-101.25,102.25,0.0,False
650,875615,8,5200,-137.625,138.5,0.0,False
651,876330,8,5208,-88.375,89.375,0.0,False
652,877113,8,5216,-96.875,97.875,0.0,False
653,877858,8,5224,-92.125,93.125,0.0,False
654,878545,8,5232,-84.875,85.875,0.0,False
655,879278,8,5240,-90.625,91.625,0.0,False
656,879970,8,5248,-85.5,86.5,0.0,False
657,880689,8,5256,-88.875,89.875,0.0,False
658,881441,8,5264,-93.0,94.0,0.0,False
659,882168,8,5272,-89.875,90.875,0.0,False
660,882771,8,5280,-74.375,75.375,0.0,False
661,883625,8,5288,-105.75,106.75,0.0,False
662,884262,8,5296,-78.625,79.625,0.0,False
663,884977,8,5304,-88.375,89.375,0.0,False
664,885769,8,5312,-98.0,99.0,0.0,False
665,886520,8,5320,-92.875,93.875,0.0,False
666,887197,8,5328,-83.625,84.625,0.0,False
667,887938,8,5336,-91.625,92.625,0.0,False
668,888659,8,5344,-89.125,90.125,0.0,False
669,889438,8,5352,-96.375,97.375,0.0,False
670,890103,8,5360,-82.125,83.125,0.0,False
671,891096,8,5368,-123.125,124.125,0.0,False
672,891800,8,5376,-87.0,88.0,0.0,False
673,892569,8,5384,-95.125,96.125,0.0,False
674,893389,8,5392,-101.5,102.5,0.0,False
675,894186,8,5400,-98.625,99.625,0.0,False
676,894989,8,5408,-99.375,100.375,0.0,False
677,895793,8,5416,-99.5,100.5,0.0,False
678,896568,8,5424,-95.875,96.875,0.0,False
679,897268,8,5432,-86.5,87.5,0.0,False
680,897939,8,5440,-82.875,83.875,0.0,False
681,898720,8,5448,-96.625,97.625,0.0,False
682,899392,8,5456,-83.0,84.0,0.0,False
683,900115,8,5464,-89.375,90.375,0.0,False
684,900765,8,5472,-80.25,81.25,0.0,False
685,901495,8,5480,-90.25,91.25,0.0,False
686,902248,8,5488,-93.125,94.125,0.0,False
687,903028,8,5496,-96.5,97.5,0.0,False
688,903674,8,5504,-79.75,80.75,0.0,False
689,904338,8,5512,-82.0,83.0,0.0,False
690,905086,8,5520,-92.5,93.5,0.0,False
691,905858,8,5528,-95.5,96.5,0.0,False
692,906808,8,5536,-117.75,118.75,0.0,False
693,907533,8,5544,-89.625,90.625,0.0,False
694,908219,8,5552,-84.75,85.75,0.0,False
695,908990,8,5560,-95.375,96.375,0.0,False
696,909726,8,5568,-91.0,92.0,0.0,False
697,910513,8,5576,-97.375,98.375,0.0,False
698,911191,8,5584,-83.75,84.75,0.0,False
699,911952,8,5592,-94.125,95.125,0.0,False
700,912720,8,5600,-95.0,96.0,0.0,False
701,913458,8,5608,-91.25,92.25,0.0,False
702,914133,8,5616,-83.375,84.375,0.0,False
703,914799,8,5624,-82.25,83.25,0.0,False
704,915556,8,5632,-93.625,94.625,0.0,False
705,916416,8,5640,-106.5,107.5,0.0,False
706,917161,8,5648,-92.125,93.125,0.0,False
707,917977,8,5656,-101.0,102.0,0.0,False
708,918665,8,5664,-85.0,86.0,0.0,False
709,919819,8,5672,-143.25,144.25,0.0,False
710,920505,8,5680,-84.75,85.75,0.0,False
711,921203,8,5688,-86.25,87.25,0.0,False
712,922366,8,5696,-144.5,145.375,0.0,False
713,923131,8,5704,-94.625,95.625,0.0,False
714,923821,8,5712,-85.25,86.25,0.0,False
715,924483,8,5720,-81.75,82.75,0.0,False
716,925160,8,5728,-83.625,84.625,0.0,False
717,925947,8,5736,-97.375,98.375,0.0,False
718,926662,8,5744,-88.375,89.375,0.0,False
719,927425,8,5752,-94.375,95.375,0.0,False
720,928315,8,5760,-110.25,111.25,0.0,False
721,929129,8,5768,-100.75,101.75,0.0,False
722,929871,8,5776,-91.75,92.75,0.0,False
723,930574,8,5784,-86.875,87.875,0.0,False
724,931383,8,5792,-100.125,101.125,0.0,False
725,932009,8,5800,-77.25,78.25,0.0,False
726,932648,8,5808,-78.875,79.875,0.0,False
727,933552,8,5816,-112.0,113.0,0.0,False
728,934280,8,5824,-90.0,91.0,0.0,False
729,934992,8,5832,-88.0,89.0,0.0,False
730,935707,8,5840,-88.375,89.375,0.0,False
731,936438,8,5848,-90.375,91.375,0.0,False
732,937232,8,5856,-98.25,99.25,0.0,False
733,938092,8,5864,-106.5,107.5,0.0,False
734,938891,8,5872,-98.875,99.875,0.0,False
735,939534,8,5880,-79.375,80.375,0.0,False
736,940410,8,5888,-108.5,109.5,0.0,False
737,941121,8,5896,-87.875,88.875,0.0,False
738,941757,8,5904,-78.5,79.5,0.0,False
739,942433,8,5912,-83.5,84.5,0.0,False
740,943095,8,5920,-81.75,82.75,0.0,False
741,943816,8,5928,-89.125,90.125,0.0,False
742,944552,8,5936,-91.0,92.0,0.0,False
743,945323,8,5944,-95.375,96.375,0.0,False
744,945991,8,5952,-82.5,83.5,0.0,False
745,946699,8,5960,-87.5,88.5,0.0,False
746,947313,8,5968,-75.75,76.75,0.0,False
747,948127,8,5976,-100.75,101.75,0.0,False
748,948791,8,5984,-82.0,83.0,0.0,False
749,949611,8,5992,-101.5,102.5,0.0,False
750,950345,8,6000,-90.75,91.75,0.0,False
751,951147,8,6008,-99.25,100.25,0.0,False
752,951804,8,6016,-81.125,82.125,0.0,False
753,952535,8,6024,-90.375,91.375,0.0,False
754,953231,8,6032,-86.0,87.0,0.0,False
755,953944,8,6040,-88.125,89.125,0.0,False
756,954654,8,6048,-87.75,88.75,0.0,False
757,955343,8,6056,-85.125,86.125,0.0,False
758,956101,8,6064,-93.75,94.75,0.0,False
759,956831,8,6072,-90.25,91.25,0.0,False
760,957505,8,6080,-83.25,84.25,0.0,False
761,958197,8,6088,-85.5,86.5,0.0,False
762,958884,8,6096,-84.875,85.875,0.0,False
763,959597,8,6104,-88.125,89.125,0.0,False
764,960311,8,6112,-88.25,89.25,0.0,False
765,961134,8,6120,-101.875,102.875,0.0,False
766,961994,8,6128,-106.5,107.5,0.0,False
767,962737,8,6136,-91.875,92.875,0.0,False
768,963446,8,6144,-87.625,88.625,0.0,False
769,964228,8,6152,-96.75,97.75,0.0,False
770,964945,8,6160,-88.625,89.625,0.0,False
771,965598,8,6168,-80.625,81.625,0.0,False
772,966291,8,6176,-85.625,86.625,0.0,False
773,966984,8,6184,-85.625,86.625,0.0,False
774,967994,8,6192,-125.25,126.25,0.0,False
775,968732,8,6200,-91.25,92.25,0.0,False
776,969402,8,6208,-82.75,83.75,0.0,False
777,970025,8,6216,-76.875,77.875,0.0,False
778,970766,8,6224,-91.625,92.625,0.0,False
779,971462,8,6232,-86.0,87.0,0.0,False
780,972138,8,6240,-83.5,84.5,0.0,False
781,972968,8,6248,-102.75,103.75,0.0,False
782,973617,8,6256,-80.125,81.125,0.0,False
783,974317,8,6264,-86.5,87.5,0.0,False
784,975050,8,6272,-90.625,91.625,0.0,False
785,975823,8,6280,-95.625,96.625,0.0,False
786,976533,8,6288,-87.75,88.75,0.0,False
787,977159,8,6296,-77.25,78.25,0.0,False
788,978334,8,6304,-146.0,146.875,0.0,False
789,978980,8,6312,-79.75,80.75,0.0,False
790,979633,8,6320,-80.625,81.625,0.0,False
791,980250,8,6328,-76.125,77.125,0.0,False
792,980939,8,6336,-85.125,86.125,0.0,False
793,981679,8,6344,-91.5,92.5,0.0,False
794,982332,8,6352,-80.625,81.625,0.0,False
795,982980,8,6360,-80.0,81.0,0.0,False
796,983727,8,6368,-92.375,93.375,0.0,False
797,984465,8,6376,-91.25,92.25,0.0,False
798,985195,8,6384,-90.25,91.25,0.0,False
799,985893,8,6392,-86.25,87.25,0.0,False
800,986714,8,6400,-101.625,102.625,0.0,False
801,987375,8,6408,-81.625,82.625,0.0,False
802,988099,8,6416,-89.5,90.5,0.0,False
803,988831,8,6424,-90.5,91.5,0.0,False
804,989626,8,6432,-98.375,99.375,0.0,False
805,990317,8,6440,-85.375,86.375,0.0,False
806,990988,8,6448,-82.875,83.875,0.0,False
807,991906,8,6456,-113.75,114.75,0.0,False
808,992595,8,6464,-85.125,86.125,0.0,False
809,993219,8,6472,-77.0,78.0,0.0,False
810,993910,8,6480,-85.375,86.375,0.0,False
811,994721,8,6488,-100.375,101.375,0.0,False
812,995409,8,6496,-85.0,86.0,0.0,False
813,996075,8,6504,-82.25,83.25,0.0,False
814,996768,8,6512,-85.625,86.625,0.0,False
815,997442,8,6520,-83.25,84.25,0.0,False
816,998094,8,6528,-80.5,81.5,0.0,False
817,998723,8,6536,-77.625,78.625,0.0,False
818,999582,8,6544,-106.375,107.375,0.0,False
819,1000228,8,6552,-79.75,80.75,0.0,False
820,1000904,8,6560,-83.5,84.5,0.0,False
821,1001554,8,6568,-80.25,81.25,0.0,False
822,1002209,8,6576,-80.875,81.875,0.0,False
823,1002877,8,6584,-82.5,83.5,0.0,False
824,1003534,8,6592,-81.125,82.125,0.0,False
825,1004182,8,6600,-80.0,81.0,0.0,False
826,1004908,8,6608,-89.75,90.75,0.0,False
827,1005595,8,6616,-84.875,85.875,0.0,False
828,1006484,8,6624,-110.125,111.125,0.0,False
829,1007225,8,6632,-91.625,92.625,0.0,False
830,1007919,8,6640,-85.75,86.75,0.0,False
831,1008593,8,6648,-83.25,84.25,0.0,False
832,1009262,8,6656,-82.625,83.625,0.0,False
833,1009982,8,6664,-89.0,90.0,0.0,False
834,1010784,8,6672,-99.25,100.25,0.0,False
835,1011453,8,6680,-82.625,83.625,0.0,False
836,1012230,8,6688,-96.125,97.125,0.0,False
837,1012937,8,6696,-87.375,88.375,0.0,False
838,1013664,8,6704,-89.875,90.875,0.0,False
839,1014324,8,6712,-81.5,82.5,0.0,False
840,1015054,8,6720,-90.25,91.25,0.0,False
841,1015722,8,6728,-82.5,83.5,0.0,False
842,1016393,8,6736,-82.875,83.875,0.0,False
843,1017062,8,6744,-82.625,83.625,0.0,False
844,1017732,8,6752,-82.75,83.75,0.0,False
845,1018496,8,6760,-94.5,95.5,0.0,False
846,1019160,8,6768,-82.0,83.0,0.0,False
847,1019852,8,6776,-85.5,86.5,0.0,False
848,1020670,8,6784,-101.25,102.25,0.0,False
849,1021335,8,6792,-82.125,83.125,0.0,False
850,1022004,8,6800,-82.625,83.625,0.0,False
851,1022639,8,6808,-78.375,79.375,0.0,False
852,1023353,8,6816,-88.25,89.25,0.0,False
853,1024090,8,6824,-91.125,92.125,0.0,False
854,1024794,8,6832,-87.0,88.0,0.0,False
855,1025478,8,6840,-84.5,85.5,0.0,False
856,1026242,8,6848,-94.5,95.5,0.0,False
857,1026878,8,6856,-78.5,79.5,0.0,False
858,1027616,8,6864,-91.25,92.25,0.0,False
859,1028287,8,6872,-82.875,83.875,0.0,False
860,1029015,8,6880,-90.0,91.0,0.0,False
861,1029739,8,6888,-89.5,90.5,0.0,False
862,1030534,8,6896,-98.375,99.375,0.0,False
863,1031403,8,6904,-107.625,108.625,0.0,False
864,1032126,8,6912,-89.375,90.375,0.0,False
865,1032924,8,6920,-98.75,99.75,0.0,False
866,1033718,8,6928,-98.25,99.25,0.0,False
867,1034530,8,6936,-100.5,101.5,0.0,False
868,1035147,8,6944,-76.125,77.125,0.0,False
869,1035850,8,6952,-86.875,87.875,0.0,False
870,1036484,8,6960,-78.25,79.25,0.0,False
871,1037206,8,6968,-89.25,90.25,0.0,False
872,1037910,8,6976,-87.0,88.0,0.0,False
873,1038533,8,6984,-76.875,77.875,0.0,False
874,1039223,8,6992,-85.25,86.25,0.0,False
875,1039877,8,7000,-80.75,81.75,0.0,False
876,1040544,8,7008,-82.375,83.375,0.0,False
877,1041329,8,7016,-97.125,98.125,0.0,False
878,1042057,8,7024,-90.0,91.0,0.0,False
879,1042877,8,7032,-101.5,102.5,0.0,False
880,1043648,8,7040,-95.375,96.375,0.0,False
881,1044359,8,7048,-87.875,88.875,0.0,False
882,1045317,8,7056,-118.75,119.75,0.0,False
883,1045985,8,7064,-82.5,83.5,0.0,False
884,1046777,8,7072,-98.0,99.0,0.0,False
885,1047499,8,7080,-89.25,90.25,0.0,False
886,1048278,8,7088,-96.375,97.375,0.0,False
887,1048940,8,7096,-81.75,82.75,0.0,False
888,1049583,8,7104,-79.375,80.375,0.0,False
889,1050304,8,7112,-89.125,90.125,0.0,False
890,1050991,8,7120,-84.875,85.875,0.0,False
891,1051700,8,7128,-87.625,88.625,0.0,False
892,1052412,8,7136,-88.0,89.0,0.0,False
893,1053132,8,7144,-89.0,90.0,0.0,False
894,1053857,8,7152,-89.625,90.625,0.0,False
895,1054487,8,7160,-77.75,78.75,0.0,False
896,1055273,8,7168,-97.25,98.25,0.0,False
897,1055913,8,7176,-79.0,80.0,0.0,False
898,1056683,8,7184,-95.25,96.25,0.0,False
899,1057323,8,7192,-79.0,80.0,0.0,False
900,1057989,8,7200,-82.25,83.25,0.0,False
901,1058728,8,7208,-91.375,92.375,0.0,False
902,1059453,8,7216,-89.625,90.625,0.0,False
903,1060070,8,7224,-76.125,77.125,0.0,False
904,1060729,8,7232,-81.375,82.375,0.0,False
905,1061430,8,7240,-86.625,87.625,0.0,False
906,1062065,8,7248,-78.375,79.375,0.0,False
907,1062727,8,7256,-81.75,82.75,0.0,False
908,1063419,8,7264,-85.5,86.5,0.0,False
909,1064086,8,7272,-82.375,83.375,0.0,False
910,1064824,8,7280,-91.25,92.25,0.0,False
911,1065479,8,7288,-80.875,81.875,0.0,False
912,1066228,8,7296,-92.625,93.625,0.0,False
913,1066893,8,7304,-82.125,83.125,0.0,False
914,1067759,8,7312,-107.25,108.25,0.0,False
915,1068411,8,7320,-80.5,81.5,0.0,False
916,1069159,8,7328,-92.5,93.5,0.0,False
917,1069854,8,7336,-85.875,86.875,0.0,False
918,1070621,8,7344,-94.875,95.875,0.0,False
919,1071256,8,7352,-78.375,79.375,0.0,False
920,1071975,8,7360,-88.875,89.875,0.0,False
921,1072634,8,7368,-81.375,82.375,0.0,False
922,1073259,8,7376,-77.125,78.125,0.0,False
923,1073951,8,7384,-85.5,86.5,0.0,False
924,1074783,8,7392,-103.0,104.0,0.0,False
925,1075455,8,7400,-83.0,84.0,0.0,False
926,1076188,8,7408,-90.625,91.625,0.0,False
927,1077027,8,7416,-103.875,104.875,0.0,False
928,1077839,8,7424,-100.5,101.5,0.0,False
929,1078502,8,7432,-81.875,82.875,0.0,False
930,1079135,8,7440,-78.125,79.125,0.0,False
931,1079949,8,7448,-100.75,101.75,0.0,False
932,1080627,8,7456,-83.75,84.75,0.0,False
933,1081417,8,7464,-97.75,98.75,0.0,False
934,1082279,8,7472,-106.75,107.75,0.0,False
935,1082970,8,7480,-85.375,86.375,0.0,False
936,1083589,8,7488,-76.375,77.375,0.0,False
937,1084291,8,7496,-86.75,87.75,0.0,False
938,1084966,8,7504,-83.375,84.375,0.0,False
939,1085642,8,7512,-83.5,84.5,0.0,False
940,1086384,8,7520,-91.75,92.75,0.0,False
941,1087157,8,7528,-95.625,96.625,0.0,False
942,1087914,8,7536,-93.625,94.625,0.0,False
943,1088612,8,7544,-86.25,87.25,0.0,False
944,1089304,8,7552,-85.5,86.5,0.0,False
945,1089951,8,7560,-79.875,80.875,0.0,False
946,1090554,8,7568,-74.375,75.375,0.0,False
947,1091222,8,7576,-82.5,83.5,0.0,False
948,1092060,8,7584,-103.75,104.75,0.0,False
949,1092731,8,7592,-82.875,83.875,0.0,False
950,1093450,8,7600,-88.875,89.875,0.0,False
951,1094115,8,7608,-82.125,83.125,0.0,False
952,1094790,8,7616,-83.375,84.375,0.0,False
953,1095456,8,7624,-82.25,83.25,0.0,False
954,1096138,8,7632,-84.25,85.25,0.0,False
955,1096925,8,7640,-97.375,98.375,0.0,False
956,1097650,8,7648,-89.625,90.625,0.0,False
957,1098427,8,7656,-96.125,97.125,0.0,False
958,1099095,8,7664,-82.5,83.5,0.0,False
959,1099735,8,7672,-79.0,80.0,0.0,False
960,1100425,8,7680,-85.25,86.25,0.0,False
961,1101123,8,7688,-86.25,87.25,0.0,False
962,1101802,8,7696,-83.875,84.875,0.0,False
963,1102482,8,7704,-84.0,85.0,0.0,False
964,1103214,8,7712,-90.5,91.5,0.0,False
965,1103853,8,7720,-78.875,79.875,0.0,False
966,1104956,8,7728,-137.0,137.875,0.0,False
967,1105674,8,7736,-88.75,89.75,0.0,False
968,1106592,8,7744,-113.75,114.75,0.0,False
969,1107558,8,7752,-119.75,120.75,0.0,False
970,1108277,8,7760,-88.875,89.875,0.0,False
971,1109080,8,7768,-99.375,100.375,0.0,False
972,1109741,8,7776,-81.625,82.625,0.0,False
973,1110430,8,7784,-85.125,86.125,0.0,False
974,1111174,8,7792,-92.0,93.0,0.0,False
975,1111863,8,7800,-85.125,86.125,0.0,False
976,1112510,8,7808,-79.875,80.875,0.0,False
977,1113177,8,7816,-82.375,83.375,0.0,False
978,1113828,8,7824,-80.375,81.375,0.0,False
979,1114448,8,7832,-76.5,77.5,0.0,False
980,1115058,8,7840,-75.25,76.25,0.0,False
981,1115726,8,7848,-82.5,83.5,0.0,False
982,1116869,8,7856,-142.0,142.875,0.0,False
983,1117712,8,7864,-104.375,105.375,0.0,False
984,1118410,8,7872,-86.25,87.25,0.0,False
985,1119229,8,7880,-101.375,102.375,0.0,False
986,1119938,8,7888,-87.625,88.625,0.0,False
987,1120620,8,7896,-84.25,85.25,0.0,False
988,1121280,8,7904,-81.5,82.5,0.0,False
989,1121933,8,7912,-80.625,81.625,0.0,False
990,1122604,8,7920,-82.875,83.875,0.0,False
991,1123297,8,7928,-85.625,86.625,0.0,False
992,1124084,8,7936,-97.375,98.375,0.0,False
993,1124832,8,7944,-92.5,93.5,0.0,False
994,1125616,8,7952,-97.0,98.0,0.0,False
995,1126276,8,7960,-81.5,82.5,0.0,False
996,1126964,8,7968,-85.0,86.0,0.0,False
997,1127642,8,7976,-83.75,84.75,0.0,False
998,1128378,8,7984,-91.0,92.0,0.0,False
999,1129153,8,7992,-95.875,96.875,0.0,False
1000,1129857,8,8000,-87.0,88.0,0.0,False
