update,environment_steps,batch_training_episodes,cumulative_training_episodes,training_return,training_episode_length,beta,barrier_active
1,4000,8,8,-500.0,500.0,0.0,False
2,8000,8,16,-500.0,500.0,0.0,False
3,12000,8,24,-500.0,500.0,0.0,False
4,16000,8,32,-500.0,500.0,0.0,False
5,20000,8,40,-500.0,500.0,0.0,False
6,24000,8,48,-500.0,500.0,0.0,False
7,28000,8,56,-500.0,500.0,0.0,False
8,32000,8,64,-500.0,500.0,0.0,False
9,35837,8,72,-479.5,479.625,0.0,False
10,39837,8,80,-500.0,500.0,0.0,False
11,43816,8,88,-497.25,497.375,0.0,False
12,47816,8,96,-500.0,500.0,0.0,False
13,51722,8,104,-488.125,488.25,0.0,False
14,55722,8,112,-500.0,500.0,0.0,False
15,59722,8,120,-500.0,500.0,0.0,False
16,63703,8,128,-497.5,497.625,0.0,False
17,67703,8,136,-500.0,500.0,0.0,False
18,71703,8,144,-500.0,500.0,0.0,False
19,75703,8,152,-500.0,500.0,0.0,False
20,79485,8,160,-472.375,472.75,0.0,False
21,83485,8,168,-500.0,500.0,0.0,False
22,87485,8,176,-500.0,500.0,0.0,False
23,91278,8,184,-473.75,474.125,0.0,False
24,95278,8,192,-500.0,500.0,0.0,False
25,99278,8,200,-500.0,500.0,0.0,False
26,103158,8,208,-484.875,485.0,0.0,False
27,107131,8,216,-496.5,496.625,0.0,False
28,111003,8,224,-483.875,484.0,0.0,False
29,114628,8,232,-452.75,453.125,0.0,False
30,118498,8,240,-483.625,483.75,0.0,False
31,122223,8,248,-465.375,465.625,0.0,False
32,125974,8,256,-468.5,468.875,0.0,False
33,129827,8,264,-481.5,481.625,0.0,False
34,133528,8,272,-462.25,462.625,0.0,False
35,137273,8,280,-467.875,468.125,0.0,False
36,141028,8,288,-469.125,469.375,0.0,False
37,145005,8,296,-496.875,497.125,0.0,False
38,148841,8,304,-479.25,479.5,0.0,False
39,152556,8,312,-463.75,464.375,0.0,False
40,156428,8,320,-483.625,484.0,0.0,False
41,159862,8,328,-428.5,429.25,0.0,False
42,163192,8,336,-415.5,416.25,0.0,False
43,166658,8,344,-432.5,433.25,0.0,False
44,170551,8,352,-486.25,486.625,0.0,False
45,174105,8,360,-443.5,444.25,0.0,False
46,177388,8,368,-409.625,410.375,0.0,False
47,181079,8,376,-460.75,461.375,0.0,False
48,184160,8,384,-384.25,385.125,0.0,False
49,187284,8,392,-389.75,390.5,0.0,False
50,190432,8,400,-392.625,393.5,0.0,False
51,193606,8,408,-395.75,396.75,0.0,False
52,196651,8,416,-379.75,380.625,0.0,False
53,199366,8,424,-338.5,339.375,0.0,False
54,202007,8,432,-329.125,330.125,0.0,False
55,204768,8,440,-344.125,345.125,0.0,False
56,207403,8,448,-328.375,329.375,0.0,False
57,210141,8,456,-341.25,342.25,0.0,False
58,212459,8,464,-288.75,289.75,0.0,False
59,215101,8,472,-329.375,330.25,0.0,False
60,217523,8,480,-301.75,302.75,0.0,False
61,219748,8,488,-277.25,278.125,0.0,False
62,222102,8,496,-293.25,294.25,0.0,False
63,223972,8,504,-232.75,233.75,0.0,False
64,226100,8,512,-265.0,266.0,0.0,False
65,228350,8,520,-280.375,281.25,0.0,False
66,230490,8,528,-266.5,267.5,0.0,False
67,232494,8,536,-249.5,250.5,0.0,False
68,234627,8,544,-265.625,266.625,0.0,False
69,236475,8,552,-230.0,231.0,0.0,False
70,238321,8,560,-229.75,230.75,0.0,False
71,240241,8,568,-239.0,240.0,0.0,False
72,241853,8,576,-200.5,201.5,0.0,False
73,243610,8,584,-218.625,219.625,0.0,False
74,245490,8,592,-234.0,235.0,0.0,False
75,247044,8,600,-193.25,194.25,0.0,False
76,248785,8,608,-216.625,217.625,0.0,False
77,250205,8,616,-176.5,177.5,0.0,False
78,251721,8,624,-188.5,189.5,0.0,False
79,253416,8,632,-210.875,211.875,0.0,False
80,255017,8,640,-199.125,200.125,0.0,False
81,256539,8,648,-189.25,190.25,0.0,False
82,258154,8,656,-200.875,201.875,0.0,False
83,259645,8,664,-185.375,186.375,0.0,False
84,260941,8,672,-161.0,162.0,0.0,False
85,262454,8,680,-188.125,189.125,0.0,False
86,263957,8,688,-186.875,187.875,0.0,False
87,265415,8,696,-181.25,182.25,0.0,False
88,266742,8,704,-164.875,165.875,0.0,False
89,267986,8,712,-154.5,155.5,0.0,False
90,269340,8,720,-168.25,169.25,0.0,False
91,270754,8,728,-175.75,176.75,0.0,False
92,272214,8,736,-181.5,182.5,0.0,False
93,273751,8,744,-191.125,192.125,0.0,False
94,275277,8,752,-189.75,190.75,0.0,False
95,276560,8,760,-159.375,160.375,0.0,False
96,278017,8,768,-181.125,182.125,0.0,False
97,279344,8,776,-164.875,165.875,0.0,False
98,280935,8,784,-198.0,198.875,0.0,False
99,282104,8,792,-145.125,146.125,0.0,False
100,283581,8,800,-183.75,184.625,0.0,False
101,284839,8,808,-156.25,157.25,0.0,False
102,286032,8,816,-148.125,149.125,0.0,False
103,287365,8,824,-165.625,166.625,0.0,False
104,288736,8,832,-170.375,171.375,0.0,False
105,289973,8,840,-153.625,154.625,0.0,False
106,291488,8,848,-188.375,189.375,0.0,False
107,293085,8,856,-198.75,199.625,0.0,False
108,294258,8,864,-145.625,146.625,0.0,False
109,295749,8,872,-185.5,186.375,0.0,False
110,296986,8,880,-153.625,154.625,0.0,False
111,298488,8,888,-186.875,187.75,0.0,False
112,299678,8,896,-147.75,148.75,0.0,False
113,300884,8,904,-149.75,150.75,0.0,False
114,302049,8,912,-144.625,145.625,0.0,False
115,303344,8,920,-160.875,161.875,0.0,False
116,304497,8,928,-143.125,144.125,0.0,False
117,305771,8,936,-158.25,159.25,0.0,False
118,307009,8,944,-153.75,154.75,0.0,False
119,308012,8,952,-124.375,125.375,0.0,False
120,309089,8,960,-133.625,134.625,0.0,False
121,310184,8,968,-135.875,136.875,0.0,False
122,311309,8,976,-139.625,140.625,0.0,False
123,312459,8,984,-142.75,143.75,0.0,False
124,313580,8,992,-139.125,140.125,0.0,False
125,314597,8,1000,-126.125,127.125,0.0,False
126,315607,8,1008,-125.25,126.25,0.0,False
127,316523,8,1016,-113.5,114.5,0.0,False
128,317604,8,1024,-134.125,135.125,0.0,False
129,318666,8,1032,-131.75,132.75,0.0,False
130,319757,8,1040,-135.375,136.375,0.0,False
131,320862,8,1048,-137.125,138.125,0.0,False
132,321862,8,1056,-124.0,125.0,0.0,False
133,322813,8,1064,-117.875,118.875,0.0,False
134,323841,8,1072,-127.5,128.5,0.0,False
135,325146,8,1080,-162.125,163.125,0.0,False
136,326259,8,1088,-138.125,139.125,0.0,False
137,327259,8,1096,-124.0,125.0,0.0,False
138,328260,8,1104,-124.125,125.125,0.0,False
139,329300,8,1112,-129.0,130.0,0.0,False
140,330235,8,1120,-115.875,116.875,0.0,False
141,331446,8,1128,-150.375,151.375,0.0,False
142,332496,8,1136,-130.25,131.25,0.0,False
143,333404,8,1144,-112.5,113.5,0.0,False
144,334357,8,1152,-118.125,119.125,0.0,False
145,335286,8,1160,-115.125,116.125,0.0,False
146,336246,8,1168,-119.0,120.0,0.0,False
147,337177,8,1176,-115.375,116.375,0.0,False
148,338331,8,1184,-143.25,144.25,0.0,False
149,339310,8,1192,-121.375,122.375,0.0,False
150,340258,8,1200,-117.5,118.5,0.0,False
151,341398,8,1208,-141.5,142.5,0.0,False
152,342646,8,1216,-155.0,156.0,0.0,False
153,343559,8,1224,-113.125,114.125,0.0,False
154,344476,8,1232,-113.625,114.625,0.0,False
155,345447,8,1240,-120.375,121.375,0.0,False
156,346424,8,1248,-121.125,122.125,0.0,False
157,347342,8,1256,-113.75,114.75,0.0,False
158,348344,8,1264,-124.25,125.25,0.0,False
159,349189,8,1272,-104.625,105.625,0.0,False
160,350062,8,1280,-108.125,109.125,0.0,False
161,350962,8,1288,-111.5,112.5,0.0,False
162,351970,8,1296,-125.0,126.0,0.0,False
163,352779,8,1304,-100.125,101.125,0.0,False
164,353658,8,1312,-108.875,109.875,0.0,False
165,354458,8,1320,-99.0,100.0,0.0,False
166,355406,8,1328,-117.5,118.5,0.0,False
167,356677,8,1336,-157.875,158.875,0.0,False
168,357995,8,1344,-163.875,164.75,0.0,False
169,358964,8,1352,-120.125,121.125,0.0,False
170,359929,8,1360,-119.625,120.625,0.0,False
171,360883,8,1368,-118.25,119.25,0.0,False
172,361785,8,1376,-111.75,112.75,0.0,False
173,362829,8,1384,-129.5,130.5,0.0,False
174,363803,8,1392,-120.75,121.75,0.0,False
175,364648,8,1400,-104.625,105.625,0.0,False
176,365714,8,1408,-132.25,133.25,0.0,False
177,366721,8,1416,-124.875,125.875,0.0,False
178,367602,8,1424,-109.125,110.125,0.0,False
179,368543,8,1432,-116.625,117.625,0.0,False
180,369481,8,1440,-116.25,117.25,0.0,False
181,370330,8,1448,-105.125,106.125,0.0,False
182,371382,8,1456,-130.5,131.5,0.0,False
183,372384,8,1464,-124.25,125.25,0.0,False
184,373284,8,1472,-111.5,112.5,0.0,False
185,374162,8,1480,-108.75,109.75,0.0,False
186,375045,8,1488,-109.375,110.375,0.0,False
187,376019,8,1496,-120.75,121.75,0.0,False
188,376843,8,1504,-102.0,103.0,0.0,False
189,377813,8,1512,-120.25,121.25,0.0,False
190,378605,8,1520,-98.0,99.0,0.0,False
191,379410,8,1528,-99.625,100.625,0.0,False
192,380305,8,1536,-110.875,111.875,0.0,False
193,381103,8,1544,-98.75,99.75,0.0,False
194,381877,8,1552,-95.75,96.75,0.0,False
195,382754,8,1560,-108.625,109.625,0.0,False
196,383622,8,1568,-107.5,108.5,0.0,False
197,384756,8,1576,-140.75,141.75,0.0,False
198,385570,8,1584,-100.75,101.75,0.0,False
199,386320,8,1592,-92.75,93.75,0.0,False
200,387203,8,1600,-109.375,110.375,0.0,False
201,388026,8,1608,-101.875,102.875,0.0,False
202,388824,8,1616,-98.75,99.75,0.0,False
203,389656,8,1624,-103.0,104.0,0.0,False
204,390539,8,1632,-109.375,110.375,0.0,False
205,391413,8,1640,-108.25,109.25,0.0,False
206,392298,8,1648,-109.625,110.625,0.0,False
207,393228,8,1656,-115.25,116.25,0.0,False
208,394067,8,1664,-103.875,104.875,0.0,False
209,395003,8,1672,-116.0,117.0,0.0,False
210,396132,8,1680,-140.125,141.125,0.0,False
211,397141,8,1688,-125.125,126.125,0.0,False
212,398041,8,1696,-111.5,112.5,0.0,False
213,398862,8,1704,-101.625,102.625,0.0,False
214,399884,8,1712,-126.75,127.75,0.0,False
215,400788,8,1720,-112.0,113.0,0.0,False
216,401621,8,1728,-103.125,104.125,0.0,False
217,402539,8,1736,-113.75,114.75,0.0,False
218,403734,8,1744,-148.375,149.375,0.0,False
219,404619,8,1752,-109.625,110.625,0.0,False
220,405543,8,1760,-114.5,115.5,0.0,False
221,406342,8,1768,-98.875,99.875,0.0,False
222,407182,8,1776,-104.0,105.0,0.0,False
223,408157,8,1784,-120.875,121.875,0.0,False
224,408990,8,1792,-103.125,104.125,0.0,False
225,409811,8,1800,-101.625,102.625,0.0,False
226,410634,8,1808,-101.875,102.875,0.0,False
227,411467,8,1816,-103.125,104.125,0.0,False
228,412355,8,1824,-110.0,111.0,0.0,False
229,413169,8,1832,-100.75,101.75,0.0,False
230,414109,8,1840,-116.5,117.5,0.0,False
231,414890,8,1848,-96.625,97.625,0.0,False
232,415830,8,1856,-116.5,117.5,0.0,False
233,416736,8,1864,-112.25,113.25,0.0,False
234,417621,8,1872,-109.625,110.625,0.0,False
235,418533,8,1880,-113.0,114.0,0.0,False
236,419339,8,1888,-99.75,100.75,0.0,False
237,420210,8,1896,-107.875,108.875,0.0,False
238,421083,8,1904,-108.125,109.125,0.0,False
239,422009,8,1912,-114.75,115.75,0.0,False
240,422902,8,1920,-110.625,111.625,0.0,False
241,423944,8,1928,-129.25,130.25,0.0,False
242,424758,8,1936,-100.75,101.75,0.0,False
243,425583,8,1944,-102.125,103.125,0.0,False
244,426355,8,1952,-95.5,96.5,0.0,False
245,427201,8,1960,-104.75,105.75,0.0,False
246,427970,8,1968,-95.125,96.125,0.0,False
247,428772,8,1976,-99.25,100.25,0.0,False
248,429577,8,1984,-99.625,100.625,0.0,False
249,430443,8,1992,-107.25,108.25,0.0,False
250,431416,8,2000,-120.625,121.625,0.0,False
251,432501,8,2008,-134.625,135.625,0.0,False
252,433474,8,2016,-120.625,121.625,0.0,False
253,434423,8,2024,-117.625,118.625,0.0,False
254,435262,8,2032,-103.875,104.875,0.0,False
255,436113,8,2040,-105.375,106.375,0.0,False
256,436897,8,2048,-97.0,98.0,0.0,False
257,437746,8,2056,-105.125,106.125,0.0,False
258,438550,8,2064,-99.5,100.5,0.0,False
259,439330,8,2072,-96.5,97.5,0.0,False
260,440184,8,2080,-105.75,106.75,0.0,False
261,440980,8,2088,-98.5,99.5,0.0,False
262,441969,8,2096,-122.625,123.625,0.0,False
263,442784,8,2104,-100.875,101.875,0.0,False
264,443613,8,2112,-102.625,103.625,0.0,False
265,444378,8,2120,-94.625,95.625,0.0,False
266,445225,8,2128,-104.875,105.875,0.0,False
267,446149,8,2136,-114.5,115.5,0.0,False
268,446942,8,2144,-98.125,99.125,0.0,False
269,447868,8,2152,-114.75,115.75,0.0,False
270,448669,8,2160,-99.125,100.125,0.0,False
271,449460,8,2168,-97.875,98.875,0.0,False
272,450238,8,2176,-96.25,97.25,0.0,False
273,450982,8,2184,-92.0,93.0,0.0,False
274,451769,8,2192,-97.375,98.375,0.0,False
275,452578,8,2200,-100.125,101.125,0.0,False
276,453352,8,2208,-95.75,96.75,0.0,False
277,454156,8,2216,-99.5,100.5,0.0,False
278,454906,8,2224,-92.75,93.75,0.0,False
279,455769,8,2232,-106.875,107.875,0.0,False
280,456544,8,2240,-95.875,96.875,0.0,False
281,457350,8,2248,-99.75,100.75,0.0,False
282,458191,8,2256,-104.125,105.125,0.0,False
283,459039,8,2264,-105.0,106.0,0.0,False
284,459963,8,2272,-114.5,115.5,0.0,False
285,460875,8,2280,-113.0,114.0,0.0,False
286,462043,8,2288,-145.0,146.0,0.0,False
287,462852,8,2296,-100.125,101.125,0.0,False
288,463705,8,2304,-105.625,106.625,0.0,False
289,464463,8,2312,-93.75,94.75,0.0,False
290,465499,8,2320,-128.5,129.5,0.0,False
291,466206,8,2328,-87.375,88.375,0.0,False
292,467077,8,2336,-107.875,108.875,0.0,False
293,467823,8,2344,-92.25,93.25,0.0,False
294,468595,8,2352,-95.5,96.5,0.0,False
295,469353,8,2360,-93.75,94.75,0.0,False
296,470286,8,2368,-115.625,116.625,0.0,False
297,470980,8,2376,-85.75,86.75,0.0,False
298,471729,8,2384,-92.625,93.625,0.0,False
299,472614,8,2392,-109.625,110.625,0.0,False
300,473395,8,2400,-96.625,97.625,0.0,False
301,474131,8,2408,-91.0,92.0,0.0,False
302,475025,8,2416,-110.75,111.75,0.0,False
303,475878,8,2424,-105.625,106.625,0.0,False
304,476885,8,2432,-124.875,125.875,0.0,False
305,477641,8,2440,-93.5,94.5,0.0,False
306,478360,8,2448,-88.875,89.875,0.0,False
307,479225,8,2456,-107.125,108.125,0.0,False
308,479891,8,2464,-82.25,83.25,0.0,False
309,480569,8,2472,-83.75,84.75,0.0,False
310,481309,8,2480,-91.5,92.5,0.0,False
311,482164,8,2488,-105.875,106.875,0.0,False
312,482876,8,2496,-88.0,89.0,0.0,False
313,483724,8,2504,-105.0,106.0,0.0,False
314,484466,8,2512,-91.75,92.75,0.0,False
315,485134,8,2520,-82.5,83.5,0.0,False
316,486003,8,2528,-107.625,108.625,0.0,False
317,486855,8,2536,-105.5,106.5,0.0,False
318,487644,8,2544,-97.625,98.625,0.0,False
319,488432,8,2552,-97.5,98.5,0.0,False
320,489213,8,2560,-96.625,97.625,0.0,False
321,489957,8,2568,-92.0,93.0,0.0,False
322,490753,8,2576,-98.5,99.5,0.0,False
323,491526,8,2584,-95.625,96.625,0.0,False
324,492247,8,2592,-89.125,90.125,0.0,False
325,493030,8,2600,-96.875,97.875,0.0,False
326,493909,8,2608,-108.875,109.875,0.0,False
327,494743,8,2616,-103.25,104.25,0.0,False
328,495536,8,2624,-98.125,99.125,0.0,False
329,496218,8,2632,-84.25,85.25,0.0,False
330,497046,8,2640,-102.5,103.5,0.0,False
331,497907,8,2648,-106.625,107.625,0.0,False
332,498670,8,2656,-94.375,95.375,0.0,False
333,499402,8,2664,-90.5,91.5,0.0,False
334,500145,8,2672,-91.875,92.875,0.0,False
335,500953,8,2680,-100.0,101.0,0.0,False
336,501857,8,2688,-112.0,113.0,0.0,False
337,502542,8,2696,-84.625,85.625,0.0,False
338,503259,8,2704,-88.625,89.625,0.0,False
339,504005,8,2712,-92.25,93.25,0.0,False
340,504768,8,2720,-94.375,95.375,0.0,False
341,505564,8,2728,-98.5,99.5,0.0,False
342,506334,8,2736,-95.25,96.25,0.0,False
343,507170,8,2744,-103.5,104.5,0.0,False
344,507955,8,2752,-97.125,98.125,0.0,False
345,508711,8,2760,-93.5,94.5,0.0,False
346,509545,8,2768,-103.25,104.25,0.0,False
347,510376,8,2776,-102.875,103.875,0.0,False
348,511147,8,2784,-95.375,96.375,0.0,False
349,511864,8,2792,-88.625,89.625,0.0,False
350,512604,8,2800,-91.5,92.5,0.0,False
351,513394,8,2808,-97.75,98.75,0.0,False
352,514168,8,2816,-95.75,96.75,0.0,False
353,515209,8,2824,-129.125,130.125,0.0,False
354,516005,8,2832,-98.5,99.5,0.0,False
355,516718,8,2840,-88.125,89.125,0.0,False
356,517648,8,2848,-115.25,116.25,0.0,False
357,518554,8,2856,-112.25,113.25,0.0,False
358,519311,8,2864,-93.625,94.625,0.0,False
359,519987,8,2872,-83.5,84.5,0.0,False
360,520944,8,2880,-118.625,119.625,0.0,False
361,521832,8,2888,-110.0,111.0,0.0,False
362,522558,8,2896,-89.75,90.75,0.0,False
363,523471,8,2904,-113.125,114.125,0.0,False
364,524212,8,2912,-91.625,92.625,0.0,False
365,525031,8,2920,-101.375,102.375,0.0,False
366,525832,8,2928,-99.125,100.125,0.0,False
367,526655,8,2936,-101.875,102.875,0.0,False
368,527415,8,2944,-94.0,95.0,0.0,False
369,528238,8,2952,-101.875,102.875,0.0,False
370,528935,8,2960,-86.125,87.125,0.0,False
371,529617,8,2968,-84.25,85.25,0.0,False
372,530294,8,2976,-83.625,84.625,0.0,False
373,530986,8,2984,-85.5,86.5,0.0,False
374,531803,8,2992,-101.125,102.125,0.0,False
375,532567,8,3000,-94.5,95.5,0.0,False
376,533268,8,3008,-86.625,87.625,0.0,False
377,534037,8,3016,-95.125,96.125,0.0,False
378,534757,8,3024,-89.0,90.0,0.0,False
379,535458,8,3032,-86.625,87.625,0.0,False
380,536145,8,3040,-84.875,85.875,0.0,False
381,536841,8,3048,-86.0,87.0,0.0,False
382,537707,8,3056,-107.25,108.25,0.0,False
383,538566,8,3064,-106.375,107.375,0.0,False
384,539294,8,3072,-90.0,91.0,0.0,False
385,540043,8,3080,-92.625,93.625,0.0,False
386,540939,8,3088,-111.0,112.0,0.0,False
387,541699,8,3096,-94.0,95.0,0.0,False
388,542571,8,3104,-108.0,109.0,0.0,False
389,543346,8,3112,-95.875,96.875,0.0,False
390,544180,8,3120,-103.25,104.25,0.0,False
391,545044,8,3128,-107.0,108.0,0.0,False
392,545801,8,3136,-93.625,94.625,0.0,False
393,546526,8,3144,-89.625,90.625,0.0,False
394,547248,8,3152,-89.25,90.25,0.0,False
395,548117,8,3160,-107.625,108.625,0.0,False
396,548918,8,3168,-99.125,100.125,0.0,False
397,549640,8,3176,-89.25,90.25,0.0,False
398,550364,8,3184,-89.5,90.5,0.0,False
399,551286,8,3192,-114.25,115.25,0.0,False
400,552200,8,3200,-113.25,114.25,0.0,False
401,552865,8,3208,-82.125,83.125,0.0,False
402,553806,8,3216,-116.625,117.625,0.0,False
403,554603,8,3224,-98.625,99.625,0.0,False
404,555412,8,3232,-100.125,101.125,0.0,False
405,556083,8,3240,-82.875,83.875,0.0,False
406,556796,8,3248,-88.125,89.125,0.0,False
407,557510,8,3256,-88.25,89.25,0.0,False
408,558283,8,3264,-95.625,96.625,0.0,False
409,559095,8,3272,-100.5,101.5,0.0,False
410,559937,8,3280,-104.25,105.25,0.0,False
411,560696,8,3288,-93.875,94.875,0.0,False
412,561485,8,3296,-97.625,98.625,0.0,False
413,562173,8,3304,-85.0,86.0,0.0,False
414,562874,8,3312,-86.625,87.625,0.0,False
415,563956,8,3320,-134.25,135.25,0.0,False
416,564767,8,3328,-100.375,101.375,0.0,False
417,565464,8,3336,-86.125,87.125,0.0,False
418,566270,8,3344,-99.75,100.75,0.0,False
419,567012,8,3352,-91.75,92.75,0.0,False
420,567925,8,3360,-113.125,114.125,0.0,False
421,568721,8,3368,-98.5,99.5,0.0,False
422,569480,8,3376,-93.875,94.875,0.0,False
423,570182,8,3384,-86.75,87.75,0.0,False
424,570884,8,3392,-86.75,87.75,0.0,False
425,571591,8,3400,-87.375,88.375,0.0,False
426,572296,8,3408,-87.125,88.125,0.0,False
427,573091,8,3416,-98.375,99.375,0.0,False
428,574000,8,3424,-112.625,113.625,0.0,False
429,574823,8,3432,-101.875,102.875,0.0,False
430,575695,8,3440,-108.0,109.0,0.0,False
431,576448,8,3448,-93.125,94.125,0.0,False
432,577182,8,3456,-90.75,91.75,0.0,False
433,577953,8,3464,-95.375,96.375,0.0,False
434,578656,8,3472,-86.875,87.875,0.0,False
435,579399,8,3480,-91.875,92.875,0.0,False
436,580184,8,3488,-97.125,98.125,0.0,False
437,580963,8,3496,-96.375,97.375,0.0,False
438,581807,8,3504,-104.5,105.5,0.0,False
439,582611,8,3512,-99.5,100.5,0.0,False
440,583326,8,3520,-88.375,89.375,0.0,False
441,584190,8,3528,-107.0,108.0,0.0,False
442,584942,8,3536,-93.0,94.0,0.0,False
443,585681,8,3544,-91.375,92.375,0.0,False
444,586427,8,3552,-92.25,93.25,0.0,False
445,587225,8,3560,-98.75,99.75,0.0,False
446,588059,8,3568,-103.25,104.25,0.0,False
447,588994,8,3576,-115.875,116.875,0.0,False
448,589705,8,3584,-87.875,88.875,0.0,False
449,590438,8,3592,-90.625,91.625,0.0,False
450,591161,8,3600,-89.375,90.375,0.0,False
451,592008,8,3608,-104.875,105.875,0.0,False
452,592878,8,3616,-107.75,108.75,0.0,False
453,593824,8,3624,-117.25,118.25,0.0,False
454,594920,8,3632,-136.0,137.0,0.0,False
455,595633,8,3640,-88.125,89.125,0.0,False
456,596395,8,3648,-94.25,95.25,0.0,False
457,597278,8,3656,-109.375,110.375,0.0,False
458,598225,8,3664,-117.375,118.375,0.0,False
459,599028,8,3672,-99.375,100.375,0.0,False
460,599823,8,3680,-98.375,99.375,0.0,False
461,600520,8,3688,-86.125,87.125,0.0,False
462,601206,8,3696,-84.75,85.75,0.0,False
463,601969,8,3704,-94.375,95.375,0.0,False
464,602743,8,3712,-95.75,96.75,0.0,False
465,603456,8,3720,-88.125,89.125,0.0,False
466,604191,8,3728,-90.875,91.875,0.0,False
467,605012,8,3736,-101.625,102.625,0.0,False
468,605705,8,3744,-85.625,86.625,0.0,False
469,606433,8,3752,-90.0,91.0,0.0,False
470,607174,8,3760,-91.625,92.625,0.0,False
471,607893,8,3768,-88.875,89.875,0.0,False
472,608605,8,3776,-88.0,89.0,0.0,False
473,609283,8,3784,-83.75,84.75,0.0,False
474,610024,8,3792,-91.625,92.625,0.0,False
475,610768,8,3800,-92.0,93.0,0.0,False
476,611528,8,3808,-94.0,95.0,0.0,False
477,612301,8,3816,-95.625,96.625,0.0,False
478,613179,8,3824,-108.75,109.75,0.0,False
479,613994,8,3832,-100.875,101.875,0.0,False
480,614707,8,3840,-88.125,89.125,0.0,False
481,615439,8,3848,-90.5,91.5,0.0,False
482,616209,8,3856,-95.25,96.25,0.0,False
483,616921,8,3864,-88.0,89.0,0.0,False
484,617661,8,3872,-91.5,92.5,0.0,False
485,618462,8,3880,-99.125,100.125,0.0,False
486,619142,8,3888,-84.0,85.0,0.0,False
487,619932,8,3896,-97.75,98.75,0.0,False
488,620590,8,3904,-81.25,82.25,0.0,False
489,621451,8,3912,-106.625,107.625,0.0,False
490,622168,8,3920,-88.625,89.625,0.0,False
491,622897,8,3928,-90.125,91.125,0.0,False
492,623715,8,3936,-101.25,102.25,0.0,False
493,624431,8,3944,-88.5,89.5,0.0,False
494,625181,8,3952,-92.75,93.75,0.0,False
495,625844,8,3960,-81.875,82.875,0.0,False
496,626538,8,3968,-85.75,86.75,0.0,False
497,627442,8,3976,-112.0,113.0,0.0,False
498,628168,8,3984,-89.75,90.75,0.0,False
499,628910,8,3992,-91.75,92.75,0.0,False
500,629689,8,4000,-96.375,97.375,0.0,False
501,630411,8,4008,-89.25,90.25,0.0,False
502,631127,8,4016,-88.5,89.5,0.0,False
503,631866,8,4024,-91.375,92.375,0.0,False
504,632601,8,4032,-90.875,91.875,0.0,False
505,633451,8,4040,-105.25,106.25,0.0,False
506,634218,8,4048,-94.875,95.875,0.0,False
507,634950,8,4056,-90.5,91.5,0.0,False
508,635698,8,4064,-92.5,93.5,0.0,False
509,636382,8,4072,-84.5,85.5,0.0,False
510,637074,8,4080,-85.5,86.5,0.0,False
511,637822,8,4088,-92.5,93.5,0.0,False
512,638489,8,4096,-82.375,83.375,0.0,False
513,639220,8,4104,-90.375,91.375,0.0,False
514,639947,8,4112,-89.875,90.875,0.0,False
515,640643,8,4120,-86.0,87.0,0.0,False
516,641392,8,4128,-92.625,93.625,0.0,False
517,642151,8,4136,-93.875,94.875,0.0,False
518,642869,8,4144,-88.75,89.75,0.0,False
519,643650,8,4152,-96.625,97.625,0.0,False
520,644284,8,4160,-78.25,79.25,0.0,False
521,645018,8,4168,-90.75,91.75,0.0,False
522,645716,8,4176,-86.25,87.25,0.0,False
523,646351,8,4184,-78.375,79.375,0.0,False
524,647091,8,4192,-91.5,92.5,0.0,False
525,647809,8,4200,-88.75,89.75,0.0,False
526,648502,8,4208,-85.625,86.625,0.0,False
527,649415,8,4216,-113.125,114.125,0.0,False
528,650237,8,4224,-101.75,102.75,0.0,False
529,650970,8,4232,-90.625,91.625,0.0,False
530,651636,8,4240,-82.25,83.25,0.0,False
531,652291,8,4248,-80.875,81.875,0.0,False
532,653218,8,4256,-114.875,115.875,0.0,False
533,653918,8,4264,-86.5,87.5,0.0,False
534,654622,8,4272,-87.0,88.0,0.0,False
535,655292,8,4280,-82.75,83.75,0.0,False
536,656082,8,4288,-97.75,98.75,0.0,False
537,656766,8,4296,-84.5,85.5,0.0,False
538,657479,8,4304,-88.125,89.125,0.0,False
539,658200,8,4312,-89.125,90.125,0.0,False
540,659256,8,4320,-131.0,132.0,0.0,False
541,659931,8,4328,-83.375,84.375,0.0,False
542,660841,8,4336,-112.75,113.75,0.0,False
543,661578,8,4344,-91.125,92.125,0.0,False
544,662414,8,4352,-103.5,104.5,0.0,False
545,663293,8,4360,-108.875,109.875,0.0,False
546,663961,8,4368,-82.5,83.5,0.0,False
547,664729,8,4376,-95.0,96.0,0.0,False
548,665464,8,4384,-90.875,91.875,0.0,False
549,666200,8,4392,-91.0,92.0,0.0,False
550,666942,8,4400,-91.75,92.75,0.0,False
551,667665,8,4408,-89.375,90.375,0.0,False
552,668407,8,4416,-91.75,92.75,0.0,False
553,669359,8,4424,-118.0,119.0,0.0,False
554,670073,8,4432,-88.25,89.25,0.0,False
555,670700,8,4440,-77.375,78.375,0.0,False
556,671298,8,4448,-73.75,74.75,0.0,False
557,672053,8,4456,-93.375,94.375,0.0,False
558,672930,8,4464,-108.625,109.625,0.0,False
559,673568,8,4472,-78.75,79.75,0.0,False
560,674204,8,4480,-78.5,79.5,0.0,False
561,674932,8,4488,-90.0,91.0,0.0,False
562,675607,8,4496,-83.375,84.375,0.0,False
563,676395,8,4504,-97.5,98.5,0.0,False
564,677059,8,4512,-82.0,83.0,0.0,False
565,677848,8,4520,-97.625,98.625,0.0,False
566,678620,8,4528,-95.5,96.5,0.0,False
567,679302,8,4536,-84.25,85.25,0.0,False
568,680004,8,4544,-86.75,87.75,0.0,False
569,680682,8,4552,-83.75,84.75,0.0,False
570,681511,8,4560,-102.625,103.625,0.0,False
571,682150,8,4568,-78.875,79.875,0.0,False
572,682802,8,4576,-80.5,81.5,0.0,False
573,683570,8,4584,-95.0,96.0,0.0,False
574,684247,8,4592,-83.625,84.625,0.0,False
575,685064,8,4600,-101.125,102.125,0.0,False
576,685774,8,4608,-87.75,88.75,0.0,False
577,686472,8,4616,-86.25,87.25,0.0,False
578,687150,8,4624,-83.75,84.75,0.0,False
579,687847,8,4632,-86.125,87.125,0.0,False
580,688582,8,4640,-90.875,91.875,0.0,False
581,689251,8,4648,-82.625,83.625,0.0,False
582,689954,8,4656,-86.875,87.875,0.0,False
583,690707,8,4664,-93.125,94.125,0.0,False
584,691590,8,4672,-109.375,110.375,0.0,False
585,692248,8,4680,-81.25,82.25,0.0,False
586,693198,8,4688,-117.75,118.75,0.0,False
587,693890,8,4696,-85.5,86.5,0.0,False
588,694540,8,4704,-80.25,81.25,0.0,False
589,695208,8,4712,-82.5,83.5,0.0,False
590,695998,8,4720,-97.75,98.75,0.0,False
591,696667,8,4728,-82.625,83.625,0.0,False
592,697302,8,4736,-78.375,79.375,0.0,False
593,698021,8,4744,-88.875,89.875,0.0,False
594,698797,8,4752,-96.0,97.0,0.0,False
595,699521,8,4760,-89.5,90.5,0.0,False
596,700235,8,4768,-88.25,89.25,0.0,False
597,700971,8,4776,-91.0,92.0,0.0,False
598,701627,8,4784,-81.0,82.0,0.0,False
599,702509,8,4792,-109.25,110.25,0.0,False
600,703287,8,4800,-96.25,97.25,0.0,False
601,704079,8,4808,-98.0,99.0,0.0,False
602,704910,8,4816,-102.875,103.875,0.0,False
603,705643,8,4824,-90.625,91.625,0.0,False
604,706309,8,4832,-82.25,83.25,0.0,False
605,707005,8,4840,-86.0,87.0,0.0,False
606,707692,8,4848,-84.875,85.875,0.0,False
607,708391,8,4856,-86.375,87.375,0.0,False
608,709108,8,4864,-88.625,89.625,0.0,False
609,709754,8,4872,-79.75,80.75,0.0,False
610,710562,8,4880,-100.0,101.0,0.0,False
611,711249,8,4888,-84.875,85.875,0.0,False
612,711901,8,4896,-80.5,81.5,0.0,False
613,712568,8,4904,-82.375,83.375,0.0,False
614,713363,8,4912,-98.375,99.375,0.0,False
615,714090,8,4920,-89.875,90.875,0.0,False
616,714734,8,4928,-79.5,80.5,0.0,False
617,715404,8,4936,-82.75,83.75,0.0,False
618,716243,8,4944,-103.875,104.875,0.0,False
619,717002,8,4952,-93.875,94.875,0.0,False
620,717773,8,4960,-95.375,96.375,0.0,False
621,718545,8,4968,-95.5,96.5,0.0,False
622,719352,8,4976,-99.875,100.875,0.0,False
623,720004,8,4984,-80.5,81.5,0.0,False
624,720665,8,4992,-81.625,82.625,0.0,False
625,721369,8,5000,-87.0,88.0,0.0,False
626,722081,8,5008,-88.0,89.0,0.0,False
627,722808,8,5016,-89.875,90.875,0.0,False
628,723477,8,5024,-82.625,83.625,0.0,False
629,724134,8,5032,-81.125,82.125,0.0,False
630,724835,8,5040,-86.625,87.625,0.0,False
631,725604,8,5048,-95.125,96.125,0.0,False
632,726299,8,5056,-85.875,86.875,0.0,False
633,727135,8,5064,-103.5,104.5,0.0,False
634,727827,8,5072,-85.5,86.5,0.0,False
635,728511,8,5080,-84.5,85.5,0.0,False
636,729214,8,5088,-86.875,87.875,0.0,False
637,729943,8,5096,-90.125,91.125,0.0,False
638,730757,8,5104,-100.75,101.75,0.0,False
639,731415,8,5112,-81.25,82.25,0.0,False
640,732069,8,5120,-80.75,81.75,0.0,False
641,732842,8,5128,-95.625,96.625,0.0,False
642,733487,8,5136,-79.625,80.625,0.0,False
643,734194,8,5144,-87.375,88.375,0.0,False
644,734921,8,5152,-89.875,90.875,0.0,False
645,735837,8,5160,-113.5,114.5,0.0,False
646,736547,8,5168,-87.75,88.75,0.0,False
647,737187,8,5176,-79.0,80.0,0.0,False
648,737889,8,5184,-86.75,87.75,0.0,False
649,738541,8,5192,-80.5,81.5,0.0,False
650,739261,8,5200,-89.0,90.0,0.0,False
651,739909,8,5208,-80.0,81.0,0.0,False
652,740593,8,5216,-84.5,85.5,0.0,False
653,741250,8,5224,-81.125,82.125,0.0,False
654,741894,8,5232,-79.5,80.5,0.0,False
655,742670,8,5240,-96.0,97.0,0.0,False
656,743350,8,5248,-84.0,85.0,0.0,False
657,743999,8,5256,-80.125,81.125,0.0,False
658,744732,8,5264,-90.625,91.625,0.0,False
659,745493,8,5272,-94.125,95.125,0.0,False
660,746203,8,5280,-87.75,88.75,0.0,False
661,746931,8,5288,-90.0,91.0,0.0,False
662,747579,8,5296,-80.0,81.0,0.0,False
663,748307,8,5304,-90.0,91.0,0.0,False
664,749007,8,5312,-86.5,87.5,0.0,False
665,749674,8,5320,-82.375,83.375,0.0,False
666,750352,8,5328,-83.75,84.75,0.0,False
667,751041,8,5336,-85.125,86.125,0.0,False
668,751899,8,5344,-106.25,107.25,0.0,False
669,752726,8,5352,-102.375,103.375,0.0,False
670,753513,8,5360,-97.375,98.375,0.0,False
671,754163,8,5368,-80.25,81.25,0.0,False
672,754898,8,5376,-90.875,91.875,0.0,False
673,755565,8,5384,-82.375,83.375,0.0,False
674,756258,8,5392,-85.625,86.625,0.0,False
675,757002,8,5400,-92.0,93.0,0.0,False
676,757748,8,5408,-92.25,93.25,0.0,False
677,758447,8,5416,-86.375,87.375,0.0,False
678,759172,8,5424,-89.625,90.625,0.0,False
679,759900,8,5432,-90.0,91.0,0.0,False
680,760556,8,5440,-81.0,82.0,0.0,False
681,761215,8,5448,-81.375,82.375,0.0,False
682,761860,8,5456,-79.625,80.625,0.0,False
683,762509,8,5464,-80.125,81.125,0.0,False
684,763221,8,5472,-88.0,89.0,0.0,False
685,763866,8,5480,-79.625,80.625,0.0,False
686,764460,8,5488,-73.25,74.25,0.0,False
687,765129,8,5496,-82.625,83.625,0.0,False
688,765749,8,5504,-76.5,77.5,0.0,False
689,766577,8,5512,-102.5,103.5,0.0,False
690,767206,8,5520,-77.625,78.625,0.0,False
691,767988,8,5528,-96.75,97.75,0.0,False
692,768724,8,5536,-91.0,92.0,0.0,False
693,769808,8,5544,-134.5,135.5,0.0,False
694,770439,8,5552,-77.875,78.875,0.0,False
695,771180,8,5560,-91.625,92.625,0.0,False
696,771794,8,5568,-75.75,76.75,0.0,False
697,772561,8,5576,-94.875,95.875,0.0,False
698,773303,8,5584,-91.75,92.75,0.0,False
699,773925,8,5592,-76.75,77.75,0.0,False
700,774680,8,5600,-93.375,94.375,0.0,False
701,775331,8,5608,-80.375,81.375,0.0,False
702,776011,8,5616,-84.0,85.0,0.0,False
703,776660,8,5624,-80.125,81.125,0.0,False
704,777317,8,5632,-81.125,82.125,0.0,False
705,778076,8,5640,-93.875,94.875,0.0,False
706,778711,8,5648,-78.375,79.375,0.0,False
707,779372,8,5656,-81.625,82.625,0.0,False
708,780007,8,5664,-78.375,79.375,0.0,False
709,780664,8,5672,-81.125,82.125,0.0,False
710,781349,8,5680,-84.625,85.625,0.0,False
711,782020,8,5688,-82.875,83.875,0.0,False
712,782674,8,5696,-80.75,81.75,0.0,False
713,783345,8,5704,-82.875,83.875,0.0,False
714,784029,8,5712,-84.5,85.5,0.0,False
715,784643,8,5720,-75.75,76.75,0.0,False
716,785370,8,5728,-89.875,90.875,0.0,False
717,786040,8,5736,-82.75,83.75,0.0,False
718,786736,8,5744,-86.0,87.0,0.0,False
719,787636,8,5752,-111.5,112.5,0.0,False
720,788305,8,5760,-82.625,83.625,0.0,False
721,789167,8,5768,-106.75,107.75,0.0,False
722,789808,8,5776,-79.125,80.125,0.0,False
723,790547,8,5784,-91.375,92.375,0.0,False
724,791418,8,5792,-107.875,108.875,0.0,False
725,792089,8,5800,-82.875,83.875,0.0,False
726,792759,8,5808,-82.75,83.75,0.0,False
727,793364,8,5816,-74.625,75.625,0.0,False
728,794038,8,5824,-83.25,84.25,0.0,False
729,794763,8,5832,-89.625,90.625,0.0,False
730,795507,8,5840,-92.0,93.0,0.0,False
731,796140,8,5848,-78.125,79.125,0.0,False
732,796828,8,5856,-85.0,86.0,0.0,False
733,797457,8,5864,-77.625,78.625,0.0,False
734,798129,8,5872,-83.0,84.0,0.0,False
735,798972,8,5880,-104.375,105.375,0.0,False
736,799690,8,5888,-88.75,89.75,0.0,False
737,800352,8,5896,-81.75,82.75,0.0,False
738,800978,8,5904,-77.25,78.25,0.0,False
739,801615,8,5912,-78.625,79.625,0.0,False
740,802378,8,5920,-94.375,95.375,0.0,False
741,803041,8,5928,-81.875,82.875,0.0,False
742,803715,8,5936,-83.25,84.25,0.0,False
743,804434,8,5944,-88.875,89.875,0.0,False
744,805394,8,5952,-119.0,120.0,0.0,False
745,806142,8,5960,-92.5,93.5,0.0,False
746,806808,8,5968,-82.25,83.25,0.0,False
747,807501,8,5976,-85.625,86.625,0.0,False
748,808140,8,5984,-78.875,79.875,0.0,False
749,808893,8,5992,-93.125,94.125,0.0,False
750,809596,8,6000,-86.875,87.875,0.0,False
751,810269,8,6008,-83.125,84.125,0.0,False
752,811085,8,6016,-101.0,102.0,0.0,False
753,811779,8,6024,-85.75,86.75,0.0,False
754,812444,8,6032,-82.125,83.125,0.0,False
755,813169,8,6040,-89.625,90.625,0.0,False
756,813881,8,6048,-88.0,89.0,0.0,False
757,814512,8,6056,-77.875,78.875,0.0,False
758,815516,8,6064,-124.5,125.5,0.0,False
759,816195,8,6072,-83.875,84.875,0.0,False
760,816965,8,6080,-95.25,96.25,0.0,False
761,817702,8,6088,-91.125,92.125,0.0,False
762,818421,8,6096,-88.875,89.875,0.0,False
763,819066,8,6104,-79.625,80.625,0.0,False
764,819696,8,6112,-77.75,78.75,0.0,False
765,820472,8,6120,-96.0,97.0,0.0,False
766,821264,8,6128,-98.0,99.0,0.0,False
767,821914,8,6136,-80.25,81.25,0.0,False
768,822547,8,6144,-78.125,79.125,0.0,False
769,823177,8,6152,-77.75,78.75,0.0,False
770,823935,8,6160,-93.75,94.75,0.0,False
771,824680,8,6168,-92.125,93.125,0.0,False
772,825495,8,6176,-100.875,101.875,0.0,False
773,826446,8,6184,-117.875,118.875,0.0,False
774,827080,8,6192,-78.25,79.25,0.0,False
775,827662,8,6200,-71.75,72.75,0.0,False
776,828418,8,6208,-93.5,94.5,0.0,False
777,829266,8,6216,-105.0,106.0,0.0,False
778,829920,8,6224,-80.75,81.75,0.0,False
779,830519,8,6232,-73.875,74.875,0.0,False
780,831156,8,6240,-78.625,79.625,0.0,False
781,832382,8,6248,-152.375,153.25,0.0,False
782,833040,8,6256,-81.25,82.25,0.0,False
783,833706,8,6264,-82.25,83.25,0.0,False
784,834419,8,6272,-88.125,89.125,0.0,False
785,835233,8,6280,-100.75,101.75,0.0,False
786,836174,8,6288,-116.625,117.625,0.0,False
787,836876,8,6296,-86.75,87.75,0.0,False
788,837548,8,6304,-83.0,84.0,0.0,False
789,838420,8,6312,-108.0,109.0,0.0,False
790,839072,8,6320,-80.5,81.5,0.0,False
791,839702,8,6328,-77.75,78.75,0.0,False
792,840368,8,6336,-82.25,83.25,0.0,False
793,840987,8,6344,-76.375,77.375,0.0,False
794,841695,8,6352,-87.5,88.5,0.0,False
795,842558,8,6360,-106.875,107.875,0.0,False
796,843224,8,6368,-82.25,83.25,0.0,False
797,843899,8,6376,-83.375,84.375,0.0,False
798,844607,8,6384,-87.5,88.5,0.0,False
799,845284,8,6392,-83.625,84.625,0.0,False
800,845956,8,6400,-83.0,84.0,0.0,False
801,846605,8,6408,-80.125,81.125,0.0,False
802,847428,8,6416,-101.875,102.875,0.0,False
803,848154,8,6424,-89.75,90.75,0.0,False
804,848842,8,6432,-85.0,86.0,0.0,False
805,849545,8,6440,-86.875,87.875,0.0,False
806,850239,8,6448,-85.75,86.75,0.0,False
807,851018,8,6456,-96.375,97.375,0.0,False
808,851793,8,6464,-95.875,96.875,0.0,False
809,852502,8,6472,-87.625,88.625,0.0,False
810,853467,8,6480,-119.625,120.625,0.0,False
811,854143,8,6488,-83.5,84.5,0.0,False
812,854949,8,6496,-99.75,100.75,0.0,False
813,855619,8,6504,-82.75,83.75,0.0,False
814,856278,8,6512,-81.375,82.375,0.0,False
815,856984,8,6520,-87.25,88.25,0.0,False
816,857632,8,6528,-80.0,81.0,0.0,False
817,858400,8,6536,-95.0,96.0,0.0,False
818,859112,8,6544,-88.0,89.0,0.0,False
819,859907,8,6552,-98.375,99.375,0.0,False
820,860546,8,6560,-78.875,79.875,0.0,False
821,861242,8,6568,-86.0,87.0,0.0,False
822,861955,8,6576,-88.125,89.125,0.0,False
823,862573,8,6584,-76.25,77.25,0.0,False
824,863291,8,6592,-88.75,89.75,0.0,False
825,863955,8,6600,-82.0,83.0,0.0,False
826,864584,8,6608,-77.625,78.625,0.0,False
827,865229,8,6616,-79.625,80.625,0.0,False
828,865983,8,6624,-93.25,94.25,0.0,False
829,866628,8,6632,-79.625,80.625,0.0,False
830,867302,8,6640,-83.25,84.25,0.0,False
831,867984,8,6648,-84.25,85.25,0.0,False
832,868800,8,6656,-101.0,102.0,0.0,False
833,869520,8,6664,-89.0,90.0,0.0,False
834,870151,8,6672,-77.875,78.875,0.0,False
835,870832,8,6680,-84.125,85.125,0.0,False
836,871527,8,6688,-85.875,86.875,0.0,False
837,872232,8,6696,-87.125,88.125,0.0,False
838,872927,8,6704,-85.875,86.875,0.0,False
839,873552,8,6712,-77.125,78.125,0.0,False
840,874271,8,6720,-88.875,89.875,0.0,False
841,874944,8,6728,-83.125,84.125,0.0,False
842,875605,8,6736,-81.625,82.625,0.0,False
843,876465,8,6744,-106.5,107.5,0.0,False
844,877697,8,6752,-153.125,154.0,0.0,False
845,878441,8,6760,-92.0,93.0,0.0,False
846,879125,8,6768,-84.5,85.5,0.0,False
847,879785,8,6776,-81.5,82.5,0.0,False
848,880450,8,6784,-82.125,83.125,0.0,False
849,881210,8,6792,-94.0,95.0,0.0,False
850,881893,8,6800,-84.375,85.375,0.0,False
851,882571,8,6808,-83.75,84.75,0.0,False
852,883266,8,6816,-85.875,86.875,0.0,False
853,883941,8,6824,-83.375,84.375,0.0,False
854,884574,8,6832,-78.125,79.125,0.0,False
855,885474,8,6840,-111.5,112.5,0.0,False
856,886309,8,6848,-103.375,104.375,0.0,False
857,886934,8,6856,-77.125,78.125,0.0,False
858,887677,8,6864,-91.875,92.875,0.0,False
859,888384,8,6872,-87.375,88.375,0.0,False
860,889037,8,6880,-80.625,81.625,0.0,False
861,889688,8,6888,-80.375,81.375,0.0,False
862,890358,8,6896,-82.75,83.75,0.0,False
863,891192,8,6904,-103.25,104.25,0.0,False
864,891864,8,6912,-83.0,84.0,0.0,False
865,892559,8,6920,-85.875,86.875,0.0,False
866,893206,8,6928,-79.875,80.875,0.0,False
867,893852,8,6936,-79.75,80.75,0.0,False
868,894583,8,6944,-90.375,91.375,0.0,False
869,895268,8,6952,-84.625,85.625,0.0,False
870,895948,8,6960,-84.0,85.0,0.0,False
871,896696,8,6968,-92.5,93.5,0.0,False
872,897327,8,6976,-77.875,78.875,0.0,False
873,897962,8,6984,-78.375,79.375,0.0,False
874,898663,8,6992,-86.625,87.625,0.0,False
875,899332,8,7000,-82.625,83.625,0.0,False
876,899982,8,7008,-80.25,81.25,0.0,False
877,900689,8,7016,-87.375,88.375,0.0,False
878,901293,8,7024,-74.5,75.5,0.0,False
879,901916,8,7032,-76.875,77.875,0.0,False
880,902722,8,7040,-99.75,100.75,0.0,False
881,903355,8,7048,-78.125,79.125,0.0,False
882,904101,8,7056,-92.25,93.25,0.0,False
883,904763,8,7064,-81.75,82.75,0.0,False
884,905452,8,7072,-85.125,86.125,0.0,False
885,906104,8,7080,-80.5,81.5,0.0,False
886,906797,8,7088,-85.625,86.625,0.0,False
887,907435,8,7096,-78.75,79.75,0.0,False
888,908171,8,7104,-91.0,92.0,0.0,False
889,908864,8,7112,-85.625,86.625,0.0,False
890,909565,8,7120,-86.625,87.625,0.0,False
891,910247,8,7128,-84.25,85.25,0.0,False
892,910972,8,7136,-89.625,90.625,0.0,False
893,911659,8,7144,-84.875,85.875,0.0,False
894,912370,8,7152,-87.875,88.875,0.0,False
895,913061,8,7160,-85.375,86.375,0.0,False
896,913734,8,7168,-83.125,84.125,0.0,False
897,914471,8,7176,-91.125,92.125,0.0,False
898,915171,8,7184,-86.5,87.5,0.0,False
899,915882,8,7192,-87.875,88.875,0.0,False
900,916694,8,7200,-100.5,101.5,0.0,False
901,917417,8,7208,-89.375,90.375,0.0,False
902,918036,8,7216,-76.375,77.375,0.0,False
903,918749,8,7224,-88.125,89.125,0.0,False
904,919401,8,7232,-80.5,81.5,0.0,False
905,920085,8,7240,-84.5,85.5,0.0,False
906,920750,8,7248,-82.125,83.125,0.0,False
907,921499,8,7256,-92.625,93.625,0.0,False
908,922233,8,7264,-90.75,91.75,0.0,False
909,922907,8,7272,-83.25,84.25,0.0,False
910,923539,8,7280,-78.0,79.0,0.0,False
911,924206,8,7288,-82.375,83.375,0.0,False
912,925066,8,7296,-106.5,107.5,0.0,False
913,925758,8,7304,-85.5,86.5,0.0,False
914,926410,8,7312,-80.5,81.5,0.0,False
915,927220,8,7320,-100.25,101.25,0.0,False
916,927926,8,7328,-87.25,88.25,0.0,False
917,928797,8,7336,-107.875,108.875,0.0,False
918,929610,8,7344,-100.625,101.625,0.0,False
919,930401,8,7352,-97.875,98.875,0.0,False
920,931203,8,7360,-99.25,100.25,0.0,False
921,931889,8,7368,-84.75,85.75,0.0,False
922,932545,8,7376,-81.0,82.0,0.0,False
923,933218,8,7384,-83.125,84.125,0.0,False
924,933896,8,7392,-83.75,84.75,0.0,False
925,934564,8,7400,-82.5,83.5,0.0,False
926,935211,8,7408,-79.875,80.875,0.0,False
927,935957,8,7416,-92.25,93.25,0.0,False
928,936639,8,7424,-84.25,85.25,0.0,False
929,937327,8,7432,-85.0,86.0,0.0,False
930,938138,8,7440,-100.375,101.375,0.0,False
931,938758,8,7448,-76.5,77.5,0.0,False
932,939548,8,7456,-97.75,98.75,0.0,False
933,940306,8,7464,-93.75,94.75,0.0,False
934,940991,8,7472,-84.625,85.625,0.0,False
935,941771,8,7480,-96.5,97.5,0.0,False
936,942443,8,7488,-83.0,84.0,0.0,False
937,943297,8,7496,-105.75,106.75,0.0,False
938,944198,8,7504,-111.625,112.625,0.0,False
939,944813,8,7512,-75.875,76.875,0.0,False
940,945577,8,7520,-94.5,95.5,0.0,False
941,946270,8,7528,-85.625,86.625,0.0,False
942,946883,8,7536,-75.625,76.625,0.0,False
943,947682,8,7544,-98.875,99.875,0.0,False
944,948428,8,7552,-92.25,93.25,0.0,False
945,949076,8,7560,-80.0,81.0,0.0,False
946,949736,8,7568,-81.5,82.5,0.0,False
947,950354,8,7576,-76.25,77.25,0.0,False
948,951026,8,7584,-83.0,84.0,0.0,False
949,951794,8,7592,-95.0,96.0,0.0,False
950,952409,8,7600,-75.875,76.875,0.0,False
951,953133,8,7608,-89.5,90.5,0.0,False
952,953742,8,7616,-75.125,76.125,0.0,False
953,954389,8,7624,-79.875,80.875,0.0,False
954,955148,8,7632,-93.875,94.875,0.0,False
955,955820,8,7640,-83.0,84.0,0.0,False
956,956762,8,7648,-116.75,117.75,0.0,False
957,957439,8,7656,-83.625,84.625,0.0,False
958,958069,8,7664,-77.75,78.75,0.0,False
959,958876,8,7672,-99.875,100.875,0.0,False
960,959493,8,7680,-76.125,77.125,0.0,False
961,960293,8,7688,-99.0,100.0,0.0,False
962,961072,8,7696,-96.375,97.375,0.0,False
963,961753,8,7704,-84.125,85.125,0.0,False
964,962458,8,7712,-87.125,88.125,0.0,False
965,963095,8,7720,-78.625,79.625,0.0,False
966,963711,8,7728,-76.0,77.0,0.0,False
967,964531,8,7736,-101.5,102.5,0.0,False
968,965214,8,7744,-84.375,85.375,0.0,False
969,965871,8,7752,-81.125,82.125,0.0,False
970,966525,8,7760,-80.75,81.75,0.0,False
971,967135,8,7768,-75.25,76.25,0.0,False
972,967806,8,7776,-82.875,83.875,0.0,False
973,968528,8,7784,-89.25,90.25,0.0,False
974,969188,8,7792,-81.5,82.5,0.0,False
975,969884,8,7800,-86.0,87.0,0.0,False
976,970557,8,7808,-83.125,84.125,0.0,False
977,971186,8,7816,-77.625,78.625,0.0,False
978,971938,8,7824,-93.0,94.0,0.0,False
979,972610,8,7832,-83.0,84.0,0.0,False
980,973282,8,7840,-83.0,84.0,0.0,False
981,974054,8,7848,-95.5,96.5,0.0,False
982,974822,8,7856,-95.0,96.0,0.0,False
983,975506,8,7864,-84.5,85.5,0.0,False
984,976247,8,7872,-91.625,92.625,0.0,False
985,976862,8,7880,-75.875,76.875,0.0,False
986,977715,8,7888,-105.625,106.625,0.0,False
987,978374,8,7896,-81.375,82.375,0.0,False
988,979020,8,7904,-79.75,80.75,0.0,False
989,979665,8,7912,-79.625,80.625,0.0,False
990,980392,8,7920,-89.875,90.875,0.0,False
991,981044,8,7928,-80.5,81.5,0.0,False
992,981668,8,7936,-77.0,78.0,0.0,False
993,982520,8,7944,-105.5,106.5,0.0,False
994,983701,8,7952,-146.75,147.625,0.0,False
995,984326,8,7960,-77.125,78.125,0.0,False
996,984919,8,7968,-73.125,74.125,0.0,False
997,985604,8,7976,-84.625,85.625,0.0,False
998,986355,8,7984,-92.875,93.875,0.0,False
999,987026,8,7992,-82.875,83.875,0.0,False
1000,987699,8,8000,-83.125,84.125,0.0,False
